Rank	#Visits	Sweep_1st_visit	#models_eval_before_1st_visit	Model_size	log_Post_Prob	Model_Post_Prob	Jeffreys_scale	Model
1	16	52	49310	6	-88.0059532293306	0.3419112576780101	20.71611661639438	171	305	490	517	527	616	
2	0	0	0	1	-89.06326863785817	0.1187755781170443	8.356013442457083	616	
3	9	3251	200597	3	-89.5651574722303	0.07190508460922722	13.24083671241506	102	596	616	
4	53	9665	512940	2	-89.60841974254119	0.0688606370816956	10.75127549429744	102	616	
5	11	1464	119936	4	-89.89529301545171	0.05168726554670599	15.45069682514268	101	161	319	616	
6	43	1987	143187	5	-90.10727330170837	0.04181399744331886	17.61928920545413	102	498	527	596	616	
7	10	4803	270735	2	-90.47747583928242	0.02887651436379829	10.37384922701834	616	654	
8	9	5	47527	6	-90.92657907006293	0.01842899762884835	19.44770493006029	171	304	490	517	527	616	
9	12	9684	513852	3	-90.95457621448672	0.01792019407850667	12.63741981960014	102	616	654	
10	2	2229	153113	6	-91.06575342630919	0.01603463429062804	19.3872622751201	102	216	498	527	596	616	
11	7	1963	142262	6	-91.08671174015001	0.01570207253277093	19.37816019506904	102	402	498	527	596	616	
12	6	1860	138361	7	-91.16272672154068	0.01455271727836703	21.46429357433998	102	216	399	498	527	596	616	
13	2	3130	194946	4	-91.57088658552659	0.009675702699542715	14.72299578374659	102	296	596	616	
14	9	86	50371	7	-91.79191220606572	0.007756973507363136	21.19104179031714	171	178	305	490	517	527	616	
15	15	9030	481516	2	-91.79863603357749	0.00770499190897677	9.800076644925765	262	616	
16	4	4955	277349	4	-91.85611972016193	0.007274570198633979	14.5991206073185	102	490	596	616	
17	14	387	68059	5	-91.96068476416494	0.006552323293699804	16.814362834613	171	305	490	527	616	
18	6	5392	298312	3	-91.96761180604911	0.006507091916492643	12.197464052213	102	319	616	
19	12	4763	268862	6	-92.10514322594196	0.005670975939556538	18.93586102059306	102	498	517	527	596	616	
20	3	9898	524374	2	-92.12596301035528	0.0055541280378866	9.6579203451331	527	616	
21	3	4947	276960	3	-92.18048214807345	0.005259428150345692	12.10501563731097	102	490	616	
22	1	4839	272029	4	-92.24786860475058	0.004916691512516264	14.4289862284499	102	498	527	616	
23	16	4623	262160	6	-92.352080172542	0.004430109403078706	18.82861766730662	102	399	498	527	596	616	
24	6	615	79357	4	-92.36482603544806	0.004374002163144873	14.3781922616804	171	490	527	616	
25	5	3579	215937	5	-92.38107092309625	0.004303521018539115	16.63179144552063	102	498	526	596	616	
26	7	9865	522832	3	-92.39983697455216	0.00422351397774324	12.00975104659242	102	527	616	
27	7	2046	146123	7	-92.41919341978219	0.004142547896474559	20.9186170205985	102	216	400	498	527	596	616	
28	1	3248	200525	4	-92.42571240872286	0.004115630504966143	14.35174964574405	102	488	596	616	
29	17	1047	100420	6	-92.44878691357063	0.004021751638420096	18.78661846331505	102	216	430	527	596	616	
30	13	4114	240348	5	-92.51358633293096	0.003769408600715086	16.57424073426228	73	102	429	596	616	
31	1	162	54636	5	-92.52282614814945	0.003734740372420473	16.57022793349908	171	305	490	517	616	
32	5	179	55522	5	-92.84518333911032	0.002705593003262969	16.43022998426294	171	305	490	516	616	
33	13	3194	197953	5	-92.85285704976405	0.002684910522587312	16.4268973340703	1	102	491	596	616	
34	2	70	49925	7	-92.88004033400421	0.002612908890736163	20.71847374874973	98	171	305	490	517	527	616	
35	16	186	55899	6	-92.93095745069581	0.002483197393997421	18.57721445970525	171	305	490	516	526	616	
36	2	3202	198402	6	-92.93893140983235	0.002463475215872139	18.57375141325333	1	102	491	527	596	616	
37	12	9933	526048	3	-92.96378608136956	0.002403000995142038	11.76483106142735	498	527	616	
38	7	2253	154526	6	-93.00827564102178	0.002298435815198043	18.54363559629594	102	262	498	527	596	616	
39	3	45	49157	7	-93.02918645979665	0.002250872665718884	20.65370040932083	1	171	304	490	517	527	616	
40	4	9776	518767	3	-93.07922992252109	0.002141003254579455	11.71469443824552	102	216	616	
41	7	3568	215675	6	-93.22186939436379	0.001856392443539163	18.4508730078505	102	402	498	526	596	616	
42	2	6483	353900	2	-93.31734631935998	0.001687348113482801	9.140509148200719	430	616	
43	6	8603	461743	3	-93.38076579214039	0.001583660057361014	11.58373907397396	517	527	616	
44	2	613	79193	5	-93.40634140996031	0.00154367053117595	16.18652213061732	171	490	516	527	616	
45	1	9069	482619	3	-93.44242662975391	0.00148895989997258	11.55696011244888	101	262	616	
46	2	1676	130239	5	-93.46049579085589	0.001462297254910261	16.16300318182348	101	161	166	319	616	
47	6	2230	153194	7	-93.49210181043239	0.001416802598880835	20.45265882695142	102	216	498	527	533	596	616	
48	19	1894	139820	7	-93.51815376311482	0.001380368771415145	20.44134460765864	102	216	498	527	596	616	673	
49	12	3478	211909	6	-93.56191773897548	0.001321261171309623	18.30319188820531	74	102	430	527	596	616	
50	12	9658	512567	3	-93.60541903324854	0.001265016820589948	11.48617341101902	102	616	657	
51	1	3296	202783	7	-93.74562761576261	0.001099523425617521	20.34255396867643	73	102	431	498	527	596	616	
52	3	9675	513375	3	-93.78024867442058	0.001062108175527878	11.41024586258487	102	489	616	
53	1	4668	264326	6	-93.78636371132518	0.001055633162486729	18.20571624092842	102	488	498	527	596	616	
54	2	542	75599	5	-93.83790057040252	0.001002607274890868	15.99909836862246	171	216	490	527	616	
55	5	8554	459498	5	-93.92471742060232	0.0009192354671833789	15.96139428964447	1	171	490	527	616	
56	6	106	51003	6	-93.95010812960669	0.0008961892450121654	18.13460294362631	171	305	372	490	517	616	
57	3	1076	101967	7	-93.98918360174073	0.0008618455941389742	20.23677894793162	102	216	430	498	527	596	616	
58	1	3262	201229	4	-94.04535928325745	0.0008147655865249018	13.64834594550183	9	102	596	616	
59	2	2242	153864	6	-94.07757267572757	0.0007889374621232366	18.0792457946077	102	498	527	596	616	629	
60	3	3753	222578	6	-94.11767204187592	0.0007579274656847728	18.06183086116166	102	216	527	596	616	675	
61	8	9712	515608	4	-94.15770289664385	0.0007281862363094539	13.59955573413104	1	102	616	654	
62	4	3781	223710	5	-94.16980802535781	0.0007194245856355927	15.85495279243282	18	102	214	429	616	
63	3	9762	518071	3	-94.17251860812847	0.0007174771662620291	11.23988519495898	9	102	616	
64	9	5523	304894	4	-94.17282968803096	0.0007172540082468974	13.59298625210272	101	319	498	616	
65	2	1718	131896	5	-94.18807498438906	0.0007064021881141172	15.8470195529244	101	161	319	428	616	
66	4	6897	373818	3	-94.22204795608828	0.0006828066806996312	11.21837487244778	1	494	616	
67	3	4970	277909	5	-94.25747247115672	0.0006590419964897827	15.81688060736326	168	251	490	526	616	
68	4	2931	184612	6	-94.26892886764253	0.000651534834696975	17.99614085638102	72	102	296	429	596	616	
69	8	9000	480170	3	-94.29582632335858	0.0006342437903378015	11.18633333465845	262	616	657	
70	4	8609	461935	4	-94.3168776675239	0.0006210316604883465	13.53042700947963	517	527	548	616	
71	2	3759	222746	7	-94.35825524006054	0.0005958592557873768	20.07649317198234	18	102	214	429	498	596	616	
72	4	1080	102127	7	-94.37074687571601	0.0005884622953152176	20.07106812354722	102	216	430	527	596	616	636	
73	4	4829	271648	3	-94.38337056769275	0.0005810804198498432	11.14831335242173	18	616	654	
74	5	9693	514477	4	-94.42255315759655	0.0005587524739864689	13.48453272726865	102	488	616	654	
75	1	1051	100668	7	-94.43177959291677	0.0005536208899423834	20.04456195125137	102	216	296	430	527	596	616	
76	1	5322	295252	5	-94.4448059008738	0.0005464560209473142	15.73552273256111	171	250	490	526	616	
77	3	9757	517782	3	-94.48892764231762	0.0005228695930564426	11.1024704973863	102	261	616	
78	4	4788	270082	7	-94.51775263368694	0.0005080130303495284	20.00722433405244	102	325	498	517	527	596	616	
79	23	1290	111773	10	-94.55422785764652	0.0004898170105920109	26.03308479236796	16	102	194	216	357	430	527	596	616	636	
80	1	4616	261781	6	-94.55562727170641	0.0004891320331759148	17.8716293215256	102	498	515	527	596	616	
81	6	36	48781	5	-94.56238112171981	0.0004858396394688007	15.68446046293914	171	305	494	515	616	
82	1	77	50093	7	-94.58880727187122	0.0004731689246776462	19.97636569677538	171	305	438	490	517	527	616	
83	4	5294	293884	5	-94.61834724150336	0.0004593959570554334	15.6601546859436	171	251	490	526	616	
84	28	1198	107684	9	-94.62878703239176	0.0004546249070436978	24.03363562607533	16	102	194	216	357	527	596	616	636	
85	3	8997	479385	3	-94.64411293488347	0.0004477104902265558	11.03507438115241	166	262	616	
86	6	5019	280902	5	-94.65267549758138	0.000443893306841667	15.64524611375556	102	497	515	596	616	
87	8	8469	455267	7	-94.65431891044506	0.0004431644059776853	19.94791435364232	9	171	490	516	527	616	636	
88	3	9680	513606	3	-94.69171055608673	0.0004268997359112703	11.01440299691211	102	450	616	
89	2	8635	463150	4	-94.71569995961588	0.0004167805280489189	13.35722068876407	494	517	527	616	
90	4	430	70221	6	-94.72965079882604	0.0004110064601111744	17.79605186397621	171	305	490	503	527	616	
91	1	9775	518686	3	-94.73132086092282	0.0004103206266522492	10.99720046009529	102	498	616	
92	2	2278	155547	6	-94.75492934471302	0.0004007470324685076	17.78507353098696	54	102	498	527	596	616	
93	4	1723	132155	5	-94.7779117332248	0.0003916419376515796	15.59085670768129	28	101	161	319	616	
94	7	9925	525705	4	-94.77897318244379	0.0003912264501711746	13.32974147723767	216	498	527	616	
95	6	4096	239526	6	-94.78239972527216	0.0003898881900962027	17.77314329629434	73	102	429	488	596	616	
96	2	724	83839	6	-94.79452626101187	0.0003851887485859474	17.76787680873798	171	490	505	527	616	636	
97	1	4819	271311	6	-94.8121062075567	0.0003784763258669222	17.76024193496141	19	102	498	527	596	616	
98	7	8850	472226	5	-94.88493579948999	0.0003518918667747204	15.54437674627146	172	251	490	526	616	
99	4	1671	130137	5	-94.91265061866997	0.0003422731534453941	15.53234035323465	101	161	319	517	616	
100	1	2260	154714	6	-94.91332054344879	0.0003420439329675883	17.71628510739397	4	102	498	527	596	616	
