Sweep	Chain_l	Chain_r
1002	1	2
1003	1	1
1004	1	2
1009	1	1
1010	1	2
1012	1	2
1013	1	2
1016	1	1
1018	1	1
1019	1	1
1020	1	2
1021	1	2
1022	1	1
1024	1	1
1026	1	1
1027	1	1
1029	1	1
1031	1	2
1032	1	1
1036	1	2
1037	1	1
1038	1	1
1039	1	1
1040	1	1
1041	1	1
1042	1	1
1044	1	2
1045	1	1
1046	1	2
1047	1	2
1049	1	2
1053	1	1
1056	1	1
1057	1	1
1058	1	1
1062	1	2
1065	1	1
1068	1	1
1069	1	1
1073	1	1
1074	1	2
1075	1	1
1077	1	2
1078	1	2
1079	1	1
1080	1	1
1082	1	1
1084	1	2
1087	1	1
1088	1	1
1089	1	1
1095	1	2
1098	1	2
1101	1	2
1107	1	2
1110	1	1
1114	1	1
1118	1	1
1119	1	1
1120	1	1
1122	1	2
1129	1	1
1130	1	1
1131	1	1
1132	1	1
1133	1	1
1134	1	1
1137	1	2
1138	1	2
1140	1	1
1141	1	1
1143	1	1
1144	1	1
1148	1	1
1150	1	1
1151	1	1
1152	1	1
1154	1	1
1155	1	1
1156	1	1
1158	1	1
1160	1	1
1161	1	1
1162	1	1
1164	1	1
1165	1	1
1166	2	3
1167	2	3
1169	1	1
1170	2	3
1171	1	1
1173	1	1
1174	1	1
1177	1	1
1181	1	1
1183	1	1
1190	1	1
1192	1	1
1197	1	1
1199	1	1
1200	1	1
1201	1	1
1203	1	1
1205	1	1
1207	1	1
1209	1	1
1210	1	1
1211	1	1
1212	1	1
1217	2	3
1219	2	3
1220	1	1
1221	1	1
1222	1	1
1223	1	1
1224	1	1
1226	1	1
1228	1	1
1231	1	1
1234	1	1
1235	1	1
1236	1	1
1237	1	1
1238	2	3
1243	1	1
1244	1	1
1248	1	1
1250	1	1
1251	2	3
1254	2	3
1255	1	1
1257	1	1
1259	1	1
1261	1	1
1264	1	1
1265	1	1
1267	1	1
1268	1	1
1269	1	1
1272	1	1
1274	2	3
1275	1	1
1276	1	1
1280	2	3
1284	1	1
1286	1	1
1289	1	1
1290	1	1
1293	1	1
1295	1	1
1296	1	1
1297	1	1
1305	1	1
1307	1	1
1308	1	1
1309	1	1
1311	1	1
1315	1	1
1317	1	1
1319	1	1
1320	1	1
1325	1	1
1326	1	1
1328	1	1
1330	1	1
1331	1	1
1332	1	1
1335	1	1
1336	1	1
1337	1	1
1338	1	1
1341	1	1
1343	1	1
1344	1	1
1346	1	1
1347	1	1
1350	1	1
1351	1	1
1355	1	1
1357	1	1
1358	1	1
1359	1	1
1362	1	1
1363	1	1
1364	1	1
1365	1	1
1369	2	3
1370	2	3
1371	1	1
1374	1	1
1375	1	1
1376	1	1
1377	1	1
1378	1	1
1380	1	1
1381	1	1
1383	1	1
1384	1	1
1386	1	1
1387	1	1
1388	2	3
1389	2	3
1395	1	1
1396	1	1
1397	1	1
1400	1	1
1401	1	1
1403	1	1
1405	1	1
1408	1	1
1409	1	1
1410	2	3
1414	2	3
1417	1	1
1421	1	1
1422	1	1
1423	1	1
1424	1	1
1425	1	1
1426	1	1
1427	1	1
1428	1	1
1429	1	1
1431	1	1
1434	1	1
1438	1	1
1441	1	1
1442	1	1
1443	1	1
1448	1	1
1451	1	1
1452	1	1
1453	1	1
1456	1	1
1457	1	1
1459	1	1
1461	1	1
1464	1	1
1465	1	1
1468	1	1
1469	1	1
1470	1	1
1472	1	1
1473	1	1
1475	1	1
1476	1	1
1477	1	1
1478	1	1
1479	1	2
1481	1	1
1482	1	1
1484	1	2
1486	1	1
1487	1	1
1490	1	1
1491	1	1
1493	1	1
1496	1	1
1497	1	1
1499	1	1
1500	1	1
1501	1	1
1504	1	1
1506	1	2
1507	1	2
1508	1	1
1510	1	1
1512	1	2
1513	1	2
1514	1	1
1515	1	1
1517	2	3
1522	1	1
1525	1	1
1526	1	1
1529	1	1
1530	2	3
1532	2	3
1535	1	1
1537	1	1
1542	1	1
1544	1	2
1548	2	3
1549	1	1
1553	1	1
1554	1	1
1556	1	1
1561	1	1
1563	1	1
1564	1	1
1569	1	1
1573	1	1
1575	1	1
1576	1	1
1582	1	1
1583	1	1
1584	1	1
1585	1	1
1586	1	1
1587	1	1
1588	1	1
1590	1	2
1592	1	2
1593	1	1
1594	1	1
1595	1	1
1596	1	1
1597	1	1
1598	1	2
1603	1	1
1607	1	1
1610	1	2
1616	1	1
1617	1	2
1620	1	1
1624	1	1
1625	1	2
1626	1	1
1627	1	1
1628	1	1
1629	1	1
1632	1	2
1634	1	1
1635	1	2
1644	1	2
1645	1	1
1646	1	2
1650	1	2
1652	1	1
1653	1	2
1654	1	2
1660	1	1
1662	1	1
1663	1	1
1664	1	1
1665	1	1
1666	1	1
1669	1	2
1671	1	1
1672	1	2
1674	1	2
1675	1	2
1678	1	1
1681	1	1
1682	1	1
1688	1	1
1689	1	1
1692	1	1
1693	1	1
1703	1	2
1705	1	1
1706	1	2
1707	1	1
1709	2	3
1710	2	3
1711	1	2
1712	1	1
1713	1	2
1716	1	1
1717	1	1
1718	1	1
1722	1	2
1723	1	2
1725	1	1
1732	1	2
1733	2	3
1734	1	1
1736	1	1
1737	1	2
1741	1	1
1742	1	2
1743	1	1
1745	2	3
1746	1	2
1747	1	2
1748	1	1
1750	1	1
1751	1	1
1752	1	1
1754	1	1
1755	2	3
1758	2	3
1759	1	1
1762	1	1
1765	1	1
1768	1	1
1769	1	1
1773	1	1
1774	1	1
1777	1	1
1778	1	1
1779	1	1
1782	1	1
1787	1	1
1788	1	1
1789	1	1
1791	1	1
1792	1	1
1796	1	1
1797	1	1
1799	1	2
1801	1	2
1803	1	1
1804	1	1
1805	1	1
1808	1	1
1813	1	1
1818	1	1
1819	1	2
1821	1	2
1822	1	1
1823	1	1
1826	1	1
1827	1	1
1829	1	2
1832	1	2
1834	1	2
1841	1	2
1842	1	1
1846	1	2
1848	1	2
1849	1	1
1850	1	1
1851	1	1
1852	1	2
1854	1	2
1855	1	1
1860	1	1
1861	1	1
1864	1	1
1867	1	2
1870	1	1
1871	1	1
1872	1	2
1873	1	2
1874	1	1
1877	1	1
1878	1	1
1881	1	1
1883	1	2
1884	1	2
1885	1	2
1888	1	1
1889	1	2
1890	1	1
1891	1	1
1894	1	1
1897	1	1
1898	1	1
1900	1	1
1901	1	1
1902	1	2
1903	1	2
1904	1	2
1906	1	1
1908	1	1
1911	1	1
1916	1	1
1917	1	1
1918	1	1
1921	1	2
1924	1	1
1925	1	1
1928	1	1
1933	1	2
1934	1	1
1935	1	1
1936	1	2
1937	1	2
1938	1	1
1939	1	1
1940	1	1
1941	1	1
1943	1	1
1948	1	2
1949	1	1
1957	1	1
1959	1	2
1960	1	1
1961	1	2
1963	1	1
1965	1	2
1966	1	2
1973	1	1
1974	1	1
1977	1	1
1980	1	1
1981	1	1
1984	1	1
1985	1	1
1986	1	1
1987	1	1
1988	1	1
1993	1	1
1995	1	1
1996	1	1
1997	1	1
1998	1	1
1999	1	1
2000	1	1
2001	1	1
2002	1	1
2006	1	1
2008	1	1
2009	1	1
2010	1	1
2014	1	1
2015	1	1
2019	1	1
2020	1	1
2021	1	1
2022	1	1
2026	1	1
2027	1	1
2028	1	1
2029	1	1
2031	1	2
2035	1	1
2036	1	2
2038	1	2
2039	1	1
2040	1	1
2043	1	1
2044	1	2
2045	1	1
2046	1	1
2048	1	1
2049	1	1
2051	1	1
2053	1	1
2054	1	1
2058	1	1
2059	1	1
2062	1	1
2067	1	2
2068	1	1
2069	1	1
2072	1	1
2075	1	1
2077	1	1
2080	1	1
2081	1	1
2082	1	1
2084	1	1
2086	1	1
2087	1	1
2090	1	2
2094	1	1
2097	1	1
2103	1	1
2104	1	1
2108	1	1
2110	1	1
2112	1	1
2113	1	1
2114	1	1
2116	1	1
2117	1	1
2118	1	1
2120	1	1
2121	1	1
2122	1	1
2123	1	1
2124	1	1
2126	1	1
2128	1	1
2131	1	1
2132	1	1
2133	1	1
2135	1	1
2137	1	1
2138	1	1
2139	1	1
2141	1	1
2144	1	1
2149	1	1
2150	1	1
2152	1	2
2154	1	1
2156	1	2
2157	1	1
2160	1	1
2161	1	1
2162	1	1
2165	1	1
2167	1	1
2168	1	1
2169	1	1
2170	1	1
2171	1	1
2175	1	1
2176	1	1
2178	1	1
2181	1	1
2182	1	1
2185	1	1
2191	1	1
2192	1	1
2193	1	1
2196	1	1
2197	1	1
2198	1	1
2205	1	1
2206	1	1
2208	1	1
2209	1	1
2210	1	1
2212	1	1
2213	1	1
2217	1	1
2219	1	1
2220	1	1
2221	1	1
2223	1	1
2226	1	1
2230	1	1
2231	1	1
2232	2	3
2236	1	1
2237	1	1
2239	1	1
2240	1	1
2241	1	1
2244	1	1
2248	1	2
2249	1	1
2251	1	1
2252	1	1
2253	1	2
2254	1	1
2255	1	2
2256	1	1
2258	1	1
2260	1	1
2262	1	1
2265	1	1
2267	1	1
2274	1	1
2275	1	1
2276	1	1
2278	1	1
2282	1	1
2284	1	1
2287	1	1
2288	1	1
2289	1	1
2292	1	1
2295	1	1
2296	1	1
2298	1	1
2299	1	1
2302	1	1
2303	1	1
2305	1	1
2308	1	1
2309	1	1
2310	1	1
2311	1	1
2313	1	1
2314	1	1
2316	1	1
2317	1	1
2319	1	1
2320	1	1
2323	1	1
2325	1	1
2330	1	2
2333	1	1
2337	1	1
2340	1	1
2341	1	1
2343	1	1
2344	1	1
2348	1	2
2350	1	1
2351	1	1
2353	1	1
2355	1	1
2357	1	1
2358	1	1
2361	1	1
2362	1	1
2364	1	1
2366	1	1
2368	1	2
2369	1	1
2370	1	1
2371	1	1
2373	1	2
2374	1	2
2378	1	1
2379	1	1
2382	1	2
2383	1	1
2385	1	2
2388	1	1
2391	1	2
2392	1	1
2393	1	2
2394	1	2
2395	1	1
2398	1	1
2399	1	2
2403	1	2
2404	1	1
2405	1	1
2406	1	1
2407	1	1
2408	1	1
2410	1	2
2411	1	2
2412	1	2
2413	1	1
2414	1	1
2418	1	1
2419	1	1
2420	1	1
2423	1	2
2425	1	1
2426	1	1
2430	1	1
2431	1	2
2432	1	1
2433	1	2
2434	1	2
2435	1	2
2438	1	1
2445	1	1
2446	1	2
2447	1	1
2454	1	1
2455	1	1
2456	1	1
2458	1	1
2461	1	2
2462	1	2
2465	1	2
2468	1	1
2472	1	2
2473	1	2
2474	1	1
2480	1	1
2481	1	2
2482	1	2
2484	1	1
2485	1	2
2486	1	2
2487	1	1
2488	1	1
2489	1	1
2494	1	2
2495	1	1
2496	1	1
2498	1	1
2499	1	2
2502	1	2
2503	1	1
2505	1	1
2510	1	1
2511	1	2
2513	1	2
2518	1	1
2519	1	1
2522	1	1
2523	1	2
2524	1	1
2527	1	1
2530	1	1
2533	1	2
2534	1	2
2535	1	1
2538	1	1
2539	1	1
2540	1	1
2541	1	2
2542	1	1
2543	1	1
2544	1	2
2546	1	2
2548	1	1
2550	1	1
2552	1	1
2555	1	2
2559	1	2
2562	1	1
2563	1	2
2564	1	1
2565	1	1
2569	1	1
2570	1	1
2571	1	1
2577	1	1
2583	1	1
2585	1	2
2591	1	1
2592	1	2
2596	1	2
2598	1	2
2599	1	1
2601	1	1
2602	1	1
2603	1	1
2604	1	1
2608	1	1
2612	1	2
2614	1	1
2615	1	1
2618	1	1
2620	1	1
2621	1	1
2622	1	1
2623	1	1
2626	1	1
2629	1	1
2630	1	1
2632	1	1
2641	1	1
2642	1	1
2643	1	1
2650	1	1
2653	1	1
2654	1	1
2655	1	1
2656	1	1
2657	1	2
2658	1	2
2660	1	1
2661	1	1
2665	1	1
2667	1	1
2668	1	1
2669	1	1
2670	1	1
2673	1	2
2674	1	2
2675	1	1
2676	1	1
2677	1	1
2678	1	1
2679	1	1
2681	1	2
2682	1	2
2683	1	1
2684	1	2
2686	1	1
2687	1	1
2689	1	1
2692	1	1
2693	1	1
2696	1	1
2698	1	1
2699	1	1
2701	1	1
2703	1	1
2704	1	1
2708	1	1
2709	1	1
2711	1	2
2714	1	2
2717	1	2
2718	1	2
2719	1	1
2725	1	1
2729	1	2
2730	1	1
2734	1	1
2738	1	2
2740	1	1
2741	1	1
2744	1	2
2746	1	2
2750	1	2
2752	1	2
2755	1	1
2756	1	1
2758	1	1
2761	1	1
2762	1	2
2763	1	2
2764	1	2
2766	1	1
2767	1	1
2776	1	1
2778	1	2
2779	1	1
2780	1	1
2783	1	1
2785	1	1
2788	1	1
2789	1	1
2790	1	1
2791	1	1
2794	1	1
2801	1	1
2806	1	2
2807	1	1
2808	1	2
2809	1	2
2812	1	1
2813	1	1
2814	1	1
2819	1	1
2821	1	1
2824	1	1
2825	1	2
2829	1	1
2830	1	1
2831	1	1
2833	1	1
2834	1	1
2836	1	1
2841	1	1
2842	2	3
2846	1	1
2847	1	1
2848	1	1
2850	2	3
2852	1	1
2853	1	1
2854	2	3
2856	1	1
2857	1	1
2858	1	1
2859	2	3
2863	2	3
2865	1	1
2868	1	1
2870	1	1
2871	2	3
2874	1	1
2877	2	3
2885	1	1
2887	1	1
2889	1	1
2893	1	1
2894	1	1
2895	1	1
2897	1	1
2898	1	1
2902	1	1
2912	1	2
2913	1	1
2914	1	1
2915	1	1
2916	1	1
2918	1	1
2919	2	3
2922	1	1
2923	1	1
2928	1	1
2930	1	1
2931	1	1
2935	1	1
2936	1	1
2938	1	2
2939	1	2
2941	1	1
2942	1	1
2944	1	1
2945	1	1
2947	1	2
2948	1	1
2950	1	2
2951	1	2
2955	1	1
2956	1	1
2959	2	3
2961	1	1
2963	2	3
2964	2	3
2966	1	1
2973	1	1
2974	2	3
2975	2	3
2976	1	1
2977	1	1
2979	1	1
2981	1	1
2982	2	3
2987	1	1
2988	1	1
2991	1	1
2992	1	1
2993	2	3
2994	2	3
2996	1	1
3005	1	1
3008	1	1
3011	2	3
3012	2	3
3013	1	1
3014	2	3
3017	1	1
3019	1	2
3020	1	2
3021	2	3
3025	1	1
3027	2	3
3029	1	1
3030	2	3
3033	2	3
3035	2	3
3037	1	1
3038	2	3
3039	2	3
3043	1	1
3045	1	1
3046	2	3
3048	1	1
3049	1	1
3051	2	3
3052	2	3
3053	1	1
3057	1	2
3061	1	2
3063	1	1
3065	1	2
3066	1	1
3068	1	2
3070	1	2
3071	1	1
3072	1	1
3075	1	1
3076	1	2
3079	1	1
3080	1	1
3081	1	1
3083	2	3
3091	1	2
3092	1	2
3094	1	1
3096	2	3
3097	1	2
3098	1	1
3099	2	3
3102	1	1
3103	1	1
3109	1	1
3114	1	1
3118	1	1
3119	1	1
3121	1	2
3122	1	2
3126	1	2
3127	1	2
3130	1	2
3133	1	1
3138	1	1
3144	1	1
3147	1	1
3149	1	2
3150	1	2
3152	1	1
3155	1	1
3157	1	1
3159	1	2
3160	1	2
3161	1	2
3165	1	2
3170	1	1
3174	1	2
3175	1	2
3179	1	1
3180	1	1
3181	1	1
3182	1	1
3183	1	2
3185	1	1
3186	1	1
3187	1	1
3188	1	2
3190	1	1
3191	1	1
3192	1	2
3193	1	2
3195	1	1
3199	1	1
3200	1	1
3205	1	2
3207	1	1
3210	1	1
3211	1	1
3214	1	2
3215	1	2
3221	1	1
3225	1	2
3226	1	1
3232	1	1
3233	1	1
3234	1	1
3235	1	1
3238	1	1
3240	1	1
3243	1	1
3248	1	2
3251	1	2
3254	1	1
3256	1	1
3257	1	1
3258	1	1
3260	1	1
3261	1	1
3262	1	1
3263	1	1
3264	1	1
3266	1	1
3267	1	2
3268	1	2
3274	1	2
3276	1	2
3277	1	1
3279	1	1
3281	1	2
3282	1	1
3288	1	1
3289	1	1
3290	1	1
3295	1	1
3298	1	1
3299	1	1
3302	1	2
3303	1	1
3304	1	2
3307	1	1
3308	1	1
3309	1	1
3313	1	1
3314	1	1
3315	1	2
3316	1	1
3318	1	1
3322	1	1
3323	1	1
3324	1	2
3326	1	1
3327	1	1
3328	1	1
3330	1	1
3331	1	1
3333	1	2
3335	1	1
3337	1	1
3338	1	1
3339	1	1
3341	1	1
3343	1	2
3344	1	2
3345	1	2
3346	1	2
3348	1	1
3354	1	2
3357	1	1
3358	1	1
3360	1	1
3361	1	1
3362	1	1
3364	1	1
3365	1	1
3366	1	1
3367	1	1
3368	1	1
3370	1	1
3371	1	2
3373	1	1
3376	1	1
3378	1	1
3380	1	1
3383	1	1
3385	1	1
3386	1	1
3388	1	2
3389	1	1
3391	1	2
3396	1	1
3397	1	1
3398	1	1
3400	1	1
3401	1	1
3402	1	1
3403	1	1
3404	1	2
3407	1	2
3410	1	1
3411	1	1
3414	1	2
3416	2	3
3419	1	1
3420	1	1
3423	2	3
3426	2	3
3427	2	3
3428	1	1
3429	2	3
3430	1	1
3432	2	3
3435	2	3
3436	1	1
3440	1	2
3443	2	3
3446	1	1
3449	2	3
3450	2	3
3452	1	1
3453	1	1
3454	1	1
3459	1	2
3461	1	1
3462	1	1
3465	1	1
3471	1	1
3472	1	1
3475	1	1
3478	1	2
3479	1	2
3480	1	2
3481	1	1
3482	1	2
3485	1	1
3486	1	1
3488	1	1
3489	1	1
3494	1	1
3497	1	1
3499	1	1
3501	1	1
3502	1	2
3505	1	2
3506	1	1
3507	1	1
3508	1	1
3509	1	2
3510	1	2
3511	1	1
3514	1	1
3515	1	2
3518	1	1
3521	1	1
3523	1	1
3526	1	2
3528	1	2
3532	1	1
3533	1	1
3534	1	1
3536	1	1
3540	1	2
3541	1	1
3542	1	2
3543	1	1
3544	1	1
3546	1	1
3549	1	1
3550	1	1
3551	1	1
3552	1	1
3554	1	1
3562	1	2
3563	1	2
3566	1	1
3567	1	1
3574	1	2
3577	1	1
3578	1	1
3579	1	2
3580	1	2
3582	1	2
3583	1	1
3584	1	2
3586	1	2
3589	1	1
3593	1	2
3596	1	2
3599	1	1
3600	1	1
3601	1	1
3602	1	1
3603	1	2
3606	1	1
3609	1	2
3611	1	1
3613	1	2
3614	1	1
3616	1	1
3617	1	2
3618	1	2
3619	1	2
3621	1	2
3622	1	1
3623	1	1
3624	1	1
3631	1	2
3633	1	1
3635	1	1
3636	1	2
3637	1	1
3641	1	2
3642	1	2
3644	1	1
3645	1	1
3646	1	1
3649	1	1
3650	1	1
3654	1	1
3660	1	1
3662	1	1
3664	1	1
3665	1	2
3670	1	1
3671	1	1
3672	1	2
3675	1	2
3679	1	1
3680	1	2
3681	1	2
3684	1	1
3686	1	1
3687	1	1
3688	1	1
3689	1	1
3691	1	1
3693	2	3
3699	1	1
3700	1	1
3701	1	1
3704	1	1
3706	1	1
3709	1	1
3710	1	1
3711	1	1
3712	2	3
3714	1	1
3715	1	1
3720	1	1
3721	1	1
3722	1	1
3724	2	3
3725	2	3
3726	1	1
3727	1	1
3728	1	1
3734	2	3
3735	2	3
3739	2	3
3740	1	1
3742	1	1
3743	1	1
3745	1	1
3746	1	1
3747	1	1
3748	1	1
3749	1	1
3751	1	1
3753	1	1
3754	1	1
3759	2	3
3761	1	1
3762	2	3
3763	1	1
3766	1	1
3768	1	1
3769	1	1
3770	1	1
3772	1	1
3774	1	1
3775	1	1
3776	1	1
3777	2	3
3778	2	3
3779	1	1
3781	2	3
3783	2	3
3784	1	1
3785	1	1
3786	2	3
3787	1	1
3788	1	1
3789	2	3
3790	1	1
3791	1	1
3792	1	1
3793	1	1
3795	2	3
3796	1	1
3797	1	1
3798	1	1
3799	1	1
3802	1	2
3803	1	2
3805	1	1
3806	1	1
3810	1	1
3811	1	1
3812	1	1
3813	1	1
3814	1	1
3816	1	1
3818	1	1
3819	1	1
3822	1	2
3823	1	2
3825	1	1
3826	1	1
3827	1	1
3828	1	2
3830	1	1
3832	1	1
3837	1	1
3839	1	2
3844	1	1
3847	1	1
3849	2	3
3851	1	1
3854	1	1
3855	1	2
3857	1	1
3859	1	1
3861	1	1
3862	1	1
3864	1	1
3865	1	1
3866	1	1
3869	1	2
3870	1	2
3872	1	1
3874	1	1
3875	1	2
3876	1	1
3877	1	1
3878	1	1
3880	1	1
3881	1	1
3883	1	1
3884	1	2
3886	1	1
3891	1	1
3894	1	1
3895	1	1
3899	1	1
3903	1	1
3904	1	1
3905	1	1
3907	1	1
3908	1	1
3910	1	1
3911	1	1
3915	1	1
3916	1	1
3922	1	1
3926	1	1
3927	1	1
3928	1	1
3932	1	1
3933	1	1
3934	1	1
3941	1	1
3942	1	1
3945	1	1
3946	1	1
3948	1	1
3950	1	1
3951	1	1
3953	1	1
3954	1	1
3955	1	1
3956	1	1
3959	1	1
3961	1	1
3962	1	1
3963	1	1
3967	1	1
3970	1	1
3972	1	1
3973	1	1
3974	1	1
3976	2	3
3977	2	3
3978	1	2
3980	1	2
3981	1	1
3982	1	1
3985	1	1
3986	1	1
3989	1	1
3990	1	1
3991	1	1
3992	1	1
3993	1	1
3994	1	1
3995	1	1
3996	1	1
3997	1	1
3998	1	1
4001	1	1
4002	1	1
4009	1	1
4010	1	1
4012	1	1
4013	1	1
4015	1	1
4018	1	1
4020	1	2
4021	1	2
4022	1	2
4024	1	1
4025	1	1
4028	1	1
4030	1	2
4033	1	2
4037	1	1
4041	1	2
4042	1	1
4047	1	2
4048	1	2
4050	1	1
4051	1	1
4052	1	1
4054	1	1
4056	1	1
4057	1	1
4058	1	2
4060	1	1
4062	1	1
4063	1	1
4067	1	2
4068	1	1
4070	1	1
4071	1	2
4073	1	2
4075	1	1
4076	1	1
4077	1	2
4078	1	1
4083	1	1
4084	1	1
4085	1	1
4087	1	2
4090	1	1
4092	1	1
4094	1	1
4100	1	1
4101	1	1
4102	1	2
4107	1	1
4108	1	1
4109	1	2
4111	1	1
4112	1	2
4116	1	1
4121	1	2
4123	1	2
4124	1	1
4125	1	2
4127	1	1
4128	1	1
4129	1	1
4130	1	1
4131	1	1
4132	1	1
4136	1	1
4137	1	2
4138	1	2
4140	1	1
4144	1	2
4146	1	1
4147	1	1
4152	1	2
4153	1	1
4154	1	1
4155	1	1
4156	1	2
4158	1	2
4159	1	1
4161	1	1
4165	1	1
4168	1	2
4172	1	1
4173	1	1
4174	1	1
4175	1	1
4176	1	2
4177	1	2
4179	1	2
4181	1	1
4182	1	2
4183	1	1
4184	1	2
4186	1	2
4188	1	1
4194	1	1
4196	1	2
4197	1	1
4198	1	1
4201	1	2
4203	1	1
4204	1	1
4207	1	1
4208	1	2
4210	1	1
4211	1	1
4214	1	2
4216	1	2
4217	1	1
4218	1	1
4220	1	2
4222	1	1
4225	1	1
4227	1	1
4229	1	1
4232	1	1
4238	1	1
4239	1	2
4241	1	1
4242	1	2
4243	1	1
4246	1	1
4251	1	2
4255	1	1
4257	1	1
4259	1	1
4261	1	2
4262	1	2
4263	1	2
4264	1	2
4266	1	2
4267	1	1
4269	1	2
4270	1	2
4271	1	2
4272	1	1
4274	1	1
4279	1	2
4280	1	2
4283	1	2
4284	1	1
4286	1	1
4290	1	1
4292	1	1
4293	1	1
4294	1	1
4297	1	2
4299	1	2
4300	1	2
4301	1	2
4304	1	1
4306	1	1
4307	1	2
4309	1	1
4311	1	2
4312	1	2
4313	1	2
4314	1	2
4315	1	1
4316	1	1
4319	1	1
4323	1	1
4326	1	1
4330	1	1
4332	1	1
4334	1	1
4335	1	1
4340	1	1
4342	1	1
4343	1	2
4344	1	2
4345	1	1
4351	1	1
4352	1	1
4354	1	1
4355	1	2
4359	1	1
4361	1	1
4362	1	1
4364	1	2
4366	1	1
4367	1	1
4369	1	1
4370	1	1
4373	1	1
4378	1	2
4379	1	2
4380	1	2
4382	1	1
4385	1	2
4386	1	2
4388	1	2
4389	1	2
4392	1	2
4393	1	1
4396	1	2
4398	1	1
4399	1	1
4400	1	1
4402	1	1
4403	1	2
4404	1	1
4407	1	1
4408	1	1
4409	1	1
4411	1	2
4415	1	1
4416	1	1
4420	1	1
4422	1	1
4423	1	1
4425	1	2
4427	1	1
4429	1	1
4434	1	1
4435	1	1
4436	1	1
4438	1	2
4439	1	2
4440	1	1
4441	1	1
4442	1	1
4443	1	1
4444	1	1
4445	1	1
4447	1	2
4449	1	1
4451	1	1
4456	1	2
4459	1	2
4460	1	1
4462	1	1
4466	1	1
4467	1	2
4468	1	1
4470	1	2
4471	1	1
4473	1	2
4474	1	2
4475	1	1
4476	1	1
4478	1	1
4479	1	1
4480	1	1
4481	1	2
4483	1	1
4484	1	2
4485	1	1
4490	1	1
4491	1	2
4494	1	1
4495	1	1
4496	1	1
4499	1	1
4501	1	2
4503	1	2
4504	1	2
4506	1	1
4509	1	2
4512	1	1
4513	1	2
4516	1	2
4517	1	2
4518	1	2
4519	1	1
4520	1	1
4522	1	1
4523	1	1
4524	1	2
4525	1	2
4526	1	1
4527	1	1
4531	1	1
4533	1	1
4536	1	2
4537	1	1
4538	1	2
4540	1	1
4542	1	1
4544	1	1
4545	1	1
4547	1	1
4548	1	2
4550	1	1
4551	1	1
4555	1	1
4563	1	2
4564	1	2
4566	1	2
4568	1	1
4569	1	1
4572	2	3
4574	2	3
4578	2	3
4580	2	3
4583	1	1
4584	1	1
4585	1	1
4589	1	1
4591	1	1
4593	1	1
4594	1	2
4595	1	2
4596	1	1
4599	1	2
4600	1	1
4601	1	1
4602	2	3
4604	1	1
4609	1	1
4610	1	1
4612	1	1
4613	2	3
4614	1	1
4616	1	2
4618	1	1
4621	1	2
4622	1	2
4624	1	2
4625	1	2
4628	1	1
4629	1	1
4631	1	1
4633	1	2
4634	1	2
4635	1	1
4637	1	1
4638	1	1
4639	1	1
4641	1	1
4642	1	1
4645	1	1
4646	1	2
4649	1	1
4650	1	1
4651	1	1
4654	1	2
4655	1	2
4656	1	1
4657	1	2
4659	1	2
4660	1	1
4661	1	1
4664	1	1
4665	1	1
4667	1	1
4669	1	2
4671	1	1
4675	1	1
4676	1	2
4678	1	2
4680	1	1
4683	1	2
4684	1	2
4687	1	2
4688	1	1
4691	1	1
4692	1	2
4693	1	1
4694	1	1
4696	1	2
4697	1	1
4699	1	1
4700	1	1
4703	1	1
4706	1	1
4707	1	1
4708	1	1
4709	1	2
4711	1	1
4712	1	1
4714	1	1
4717	1	1
4723	1	2
4725	1	1
4726	1	2
4727	1	1
4728	1	1
4731	1	1
4733	1	2
4735	1	2
4737	1	1
4738	1	1
4740	1	2
4741	1	2
4743	1	1
4744	1	2
4746	1	1
4747	1	2
4750	1	2
4754	1	1
4759	1	2
4761	1	2
4763	1	1
4764	1	1
4765	1	1
4766	1	2
4769	1	2
4770	1	1
4773	1	2
4774	1	2
4779	1	1
4780	1	2
4782	1	1
4785	1	2
4790	1	1
4796	1	2
4798	1	2
4799	1	1
4802	1	2
4803	1	2
4804	1	1
4805	1	1
4807	1	1
4808	1	2
4809	1	2
4810	1	1
4813	1	1
4815	1	2
4816	1	2
4817	1	2
4818	1	2
4819	1	1
4820	1	2
4821	1	2
4824	1	1
4826	1	2
4829	1	2
4832	1	2
4834	1	2
4836	1	1
4837	1	1
4838	1	1
4841	1	1
4844	1	2
4845	1	2
4846	1	2
4849	1	1
4851	1	1
4852	1	1
4853	1	1
4857	1	2
4858	1	1
4862	1	1
4872	1	2
4873	1	1
4874	1	1
4876	1	2
4880	1	2
4881	1	1
4883	1	1
4884	1	1
4887	1	1
4888	1	1
4890	1	2
4892	1	1
4896	1	1
4898	1	1
4899	1	1
4901	1	2
4904	1	1
4908	1	2
4909	1	2
4911	1	1
4915	1	1
4916	1	2
4918	1	1
4919	1	2
4920	1	1
4922	1	1
4923	1	1
4924	1	1
4926	1	1
4928	1	2
4929	1	1
4932	1	2
4933	1	1
4934	1	1
4941	1	2
4944	1	2
4945	1	2
4946	1	1
4948	1	1
4949	1	1
4952	1	2
4953	1	1
4954	1	2
4956	1	1
4957	1	1
4958	1	1
4961	1	1
4962	1	1
4963	1	2
4965	1	2
4966	1	2
4967	1	2
4970	1	2
4975	1	1
4978	1	1
4980	1	1
4981	1	1
4982	1	1
4984	1	1
4986	1	1
4987	1	1
4988	1	2
4989	1	1
4990	1	1
4991	1	1
4993	1	1
4994	1	1
4996	1	1
4999	1	1
5003	1	1
5005	1	1
5006	1	1
5007	1	1
5010	1	2
5011	1	1
5012	1	1
5013	1	2
5014	1	1
5021	1	1
5022	1	1
5026	1	1
5031	1	2
5032	1	2
5033	1	1
5034	1	1
5035	1	2
5037	1	1
5039	1	2
5040	1	1
5042	1	2
5043	1	2
5044	1	2
5047	1	1
5053	1	1
5055	1	1
5057	1	1
5059	1	1
5062	1	1
5063	1	1
5065	1	1
5066	1	2
5067	1	2
5068	1	2
5074	1	2
5075	1	2
5076	1	1
5078	1	1
5082	1	2
5084	1	1
5089	1	1
5090	1	1
5091	1	1
5095	1	1
5096	1	1
5100	1	1
5101	1	1
5103	1	2
5104	1	1
5106	1	2
5108	1	1
5110	1	1
5111	1	1
5113	1	1
5114	1	1
5115	1	1
5118	1	1
5119	1	1
5122	1	1
5124	1	1
5126	1	1
5127	1	1
5130	1	1
5131	1	1
5132	1	2
5133	1	1
5135	1	2
5142	1	2
5144	1	1
5145	1	1
5148	1	1
5153	1	1
5154	1	1
5155	1	1
5156	1	1
5157	1	1
5159	1	2
5160	1	1
5162	1	1
5163	1	1
5167	1	1
5169	1	1
5173	1	2
5174	1	1
5177	1	1
5178	1	1
5180	1	2
5183	1	1
5186	1	2
5188	1	1
5190	1	1
5191	1	1
5192	1	2
5193	1	1
5195	1	1
5197	1	1
5198	1	1
5199	1	1
5200	1	1
5202	1	1
5203	1	1
5205	1	1
5206	1	1
5208	1	1
5209	1	1
5211	1	1
5212	1	1
5213	1	1
5214	1	1
5215	1	1
5217	1	2
5219	1	1
5221	1	1
5222	1	1
5228	2	3
5229	1	1
5233	1	2
5234	1	2
5238	1	2
5240	1	2
5241	1	1
5245	1	1
5246	1	1
5247	1	1
5249	1	1
5253	1	1
5256	1	1
5257	1	1
5258	1	1
5260	1	1
5263	1	1
5265	1	1
5268	1	1
5271	1	2
5273	1	1
5277	1	1
5278	1	1
5280	1	1
5281	1	1
5282	1	1
5284	1	2
5286	1	1
5290	1	1
5291	1	2
5294	1	2
5298	1	2
5301	1	2
5303	1	1
5304	1	1
5305	1	1
5306	1	1
5307	1	1
5309	1	1
5310	1	1
5316	1	1
5323	1	1
5327	2	3
5328	1	1
5329	1	1
5331	1	1
5335	1	1
5336	1	2
5339	1	1
5341	1	1
5342	1	1
5344	1	2
5346	1	1
5350	1	1
5351	1	1
5352	1	1
5353	1	1
5354	1	2
5356	1	1
5357	1	1
5359	1	2
5360	1	2
5363	1	1
5365	1	1
5367	1	1
5371	1	1
5373	1	1
5375	1	1
5376	1	1
5377	1	2
5378	1	1
5379	1	1
5380	1	1
5381	1	1
5382	1	2
5385	1	2
5388	1	1
5389	1	2
5391	1	1
5393	1	1
5394	1	2
5395	1	1
5404	1	1
5405	1	2
5406	1	2
5407	1	1
5409	1	2
5414	1	2
5416	1	1
5417	1	1
5420	1	1
5422	2	3
5423	2	3
5426	1	1
5428	1	1
5436	1	1
5437	1	1
5439	1	1
5440	1	1
5441	1	1
5443	1	2
5444	1	1
5447	1	2
5448	1	2
5449	1	1
5456	1	1
5460	1	2
5461	1	2
5463	1	1
5464	1	2
5465	1	2
5468	1	1
5469	1	1
5470	1	2
5471	1	1
5472	1	1
5473	1	1
5475	1	1
5482	1	2
5484	1	1
5485	1	1
5486	1	1
5492	1	1
5495	1	1
5497	1	2
5498	1	1
5500	1	1
5501	1	1
5503	1	2
5504	1	1
5506	1	2
5507	1	1
5508	1	1
5509	1	2
5511	1	2
5512	1	2
5513	1	1
5515	1	2
5518	1	1
5520	1	1
5521	1	1
5524	1	2
5527	1	1
5530	1	2
5533	1	2
5535	1	2
5540	2	3
5543	1	1
5544	1	1
5545	1	1
5547	1	1
5552	2	3
5554	2	3
5556	1	1
5558	1	2
5561	1	1
5562	1	1
5568	1	1
5571	1	1
5572	1	1
5575	1	1
5577	1	2
5580	1	2
5582	1	2
5583	1	2
5587	1	1
5590	1	1
5591	1	1
5594	2	3
5598	1	1
5600	1	1
5601	1	1
5602	1	1
5603	1	1
5606	1	1
5607	1	1
5608	1	2
5609	1	2
5610	1	1
5611	1	1
5612	1	2
5614	1	1
5615	1	1
5616	1	1
5619	1	1
5620	1	1
5621	1	1
5625	1	2
5626	1	2
5627	1	1
5628	1	2
5629	1	2
5630	1	1
5633	1	1
5635	1	1
5636	1	1
5638	1	1
5639	1	1
5640	1	1
5643	1	1
5647	1	1
5649	1	1
5653	1	1
5655	1	1
5656	1	1
5657	1	1
5660	1	1
5665	1	1
5666	1	1
5671	1	1
5675	1	1
5678	1	1
5679	1	1
5682	1	1
5685	1	1
5688	1	1
5691	1	1
5692	1	1
5698	1	1
5701	1	1
5705	1	1
5708	1	1
5709	1	1
5710	1	1
5715	1	1
5716	1	1
5718	1	1
5720	1	1
5725	1	1
5726	1	1
5728	1	1
5729	1	1
5730	1	1
5732	1	1
5734	1	1
5736	1	1
5738	1	1
5742	1	1
5744	1	1
5745	1	2
5746	1	2
5747	1	2
5749	1	2
5750	1	2
5758	1	1
5765	1	1
5768	1	1
5769	1	1
5771	1	1
5774	1	1
5777	1	1
5779	1	1
5781	1	1
5784	1	1
5785	1	1
5789	1	1
5791	1	1
5794	1	2
5795	1	1
5798	1	2
5799	1	1
5804	1	1
5805	1	2
5806	1	2
5808	1	1
5809	1	1
5811	1	1
5813	1	2
5814	1	1
5815	1	2
5816	1	2
5817	1	1
5821	1	1
5827	1	1
5829	1	1
5830	1	1
5831	1	1
5834	1	1
5836	1	1
5840	1	1
5844	1	1
5847	1	1
5849	1	2
5851	1	2
5852	1	1
5855	1	1
5856	1	2
5857	1	2
5858	1	1
5860	1	2
5861	1	1
5862	1	1
5863	1	1
5869	1	2
5870	1	2
5873	1	1
5877	1	1
5883	1	1
5885	1	1
5886	1	1
5890	1	1
5893	1	1
5894	1	1
5895	1	1
5896	1	1
5897	1	1
5899	1	1
5900	1	1
5901	1	1
5904	1	1
5906	1	1
5908	1	1
5912	1	1
5913	1	1
5914	1	1
5916	1	2
5919	1	1
5921	1	2
5923	1	1
5924	1	1
5926	1	2
5928	1	1
5929	1	1
5931	1	1
5932	1	1
5934	1	1
5936	1	1
5937	1	2
5938	1	1
5940	1	1
5944	1	1
5945	1	1
5948	1	2
5950	1	1
5952	1	1
5953	1	1
5954	1	1
5956	1	1
5957	1	1
5961	1	1
5965	1	2
5966	1	2
5970	1	1
5973	1	1
5974	1	1
5975	1	1
5976	1	1
5977	1	1
5978	1	1
5981	1	1
5982	1	2
5984	1	2
5985	1	2
5987	1	1
5988	1	1
5989	1	1
5990	1	1
5991	1	1
5993	1	1
5995	1	1
6001	1	1
6003	1	1
6004	1	2
6005	1	1
6007	1	2
6009	1	2
6014	1	1
6015	1	1
6016	1	1
6018	1	2
6019	1	2
6022	1	1
6023	1	1
6026	1	1
6027	1	1
6028	1	1
6029	1	2
6032	1	1
6036	1	2
6037	1	2
6038	1	1
6039	1	1
6040	1	2
6043	1	2
6047	1	2
6048	1	1
6049	1	1
6051	1	1
6054	1	1
6055	1	2
6056	1	2
6058	1	1
6062	1	1
6063	1	2
6065	1	1
6066	1	1
6068	1	1
6069	1	1
6073	1	1
6074	1	1
6078	1	1
6079	1	1
6086	1	1
6087	1	1
6091	1	1
6094	1	1
6095	1	1
6097	1	1
6098	1	2
6099	1	1
6101	1	2
6103	1	1
6104	1	2
6106	1	1
6108	1	1
6111	1	2
6113	1	1
6114	1	1
6115	1	1
6116	1	1
6117	1	1
6119	1	2
6120	1	1
6122	1	1
6123	1	1
6125	1	2
6126	1	2
6129	1	1
6130	1	1
6131	1	1
6132	1	1
6134	2	3
6142	1	1
6148	1	1
6150	1	1
6153	1	1
6155	1	1
6157	1	1
6158	1	1
6159	1	1
6160	1	1
6162	1	2
6168	1	1
6169	1	1
6171	1	2
6172	1	1
6177	1	2
6180	1	2
6181	1	1
6182	1	1
6188	1	2
6192	1	2
6193	1	2
6196	1	2
6199	1	1
6201	1	1
6202	1	1
6203	1	1
6205	1	1
6206	1	1
6208	1	2
6209	1	1
6211	1	2
6213	1	1
6216	1	2
6217	1	2
6219	1	1
6220	1	2
6221	1	1
6222	1	1
6223	1	1
6224	1	1
6226	1	1
6227	1	1
6229	1	1
6230	1	1
6231	1	1
6232	1	1
6234	1	1
6235	1	1
6237	1	1
6240	1	1
6243	1	1
6244	1	1
6247	1	1
6248	1	1
6250	1	1
6251	1	1
6253	1	1
6254	1	1
6258	1	1
6259	1	1
6260	1	1
6261	1	1
6264	1	1
6266	1	1
6267	1	1
6268	1	1
6271	1	1
6272	1	1
6274	1	1
6276	1	1
6277	1	1
6278	1	1
6279	1	1
6280	1	1
6281	1	1
6282	1	1
6283	1	1
6284	1	2
6285	1	2
6286	1	1
6288	1	1
6291	1	1
6292	1	1
6298	1	1
6301	1	1
6304	1	1
6305	1	1
6310	1	1
6313	1	1
6315	1	2
6316	1	2
6317	1	1
6318	1	1
6320	1	1
6322	1	1
6323	1	1
6327	1	1
6329	1	1
6333	1	1
6335	1	1
6337	1	2
6339	1	2
6341	1	2
6343	1	1
6345	1	1
6346	1	1
6347	1	2
6348	1	2
6351	1	1
6355	1	1
6356	1	1
6357	1	2
6358	1	2
6359	1	2
6360	1	1
6363	1	1
6364	1	1
6366	1	2
6367	1	2
6368	1	1
6370	1	2
6373	1	1
6375	1	1
6376	1	1
6377	1	1
6379	1	1
6383	1	2
6384	1	1
6386	1	1
6390	1	1
6391	1	1
6392	1	1
6394	1	1
6395	1	1
6396	1	1
6399	1	1
6403	1	1
6404	1	1
6407	1	1
6411	1	1
6412	1	1
6413	1	1
6414	1	1
6415	1	1
6416	1	1
6417	1	1
6418	1	1
6419	1	1
6422	1	1
6423	1	1
6424	1	1
6426	1	1
6433	1	1
6437	1	1
6439	1	2
6441	1	1
6443	1	1
6444	1	1
6446	1	1
6447	1	1
6451	1	1
6452	1	2
6454	1	1
6455	1	1
6456	1	1
6457	1	1
6458	1	1
6464	1	1
6465	1	1
6466	1	1
6467	1	1
6468	1	1
6471	1	1
6472	1	1
6474	1	1
6476	1	1
6480	1	1
6481	1	1
6482	1	1
6484	1	1
6488	1	1
6489	1	1
6490	1	1
6491	1	2
6493	1	2
6494	1	1
6496	1	1
6499	1	1
6501	1	1
6502	1	1
6504	1	1
6505	1	1
6507	1	1
6510	1	1
6512	1	1
6513	1	1
6515	1	1
6518	1	1
6519	1	1
6520	1	1
6522	1	2
6523	1	2
6524	1	1
6527	1	1
6530	1	1
6531	1	1
6533	1	1
6536	1	1
6537	1	1
6540	1	1
6541	1	1
6546	1	2
6547	1	1
6548	1	2
6550	1	2
6551	1	1
6552	1	1
6553	1	2
6556	1	1
6559	1	1
6560	1	2
6564	1	1
6566	1	2
6567	1	2
6568	1	1
6569	1	2
6571	1	2
6573	1	1
6575	1	2
6576	1	1
6577	1	1
6578	1	2
6579	1	1
6580	1	2
6582	1	2
6585	1	2
6586	1	2
6588	1	2
6589	1	1
6595	1	1
6597	1	1
6600	1	2
6601	1	1
6602	1	1
6605	1	1
6608	2	3
6611	1	1
6613	1	1
6618	1	1
6621	1	1
6623	2	3
6628	1	1
6629	1	1
6630	2	3
6631	1	1
6636	2	3
6646	1	1
6647	1	1
6648	1	1
6649	1	1
6651	1	1
6653	1	1
6654	1	1
6656	1	1
6657	1	1
6658	2	3
6659	2	3
6660	1	1
6661	1	1
6666	1	2
6667	1	1
6671	1	2
6672	1	1
6674	1	2
6675	1	2
6676	1	1
6677	1	1
6678	1	1
6679	1	2
6680	1	1
6685	1	1
6686	1	1
6688	1	1
6689	1	1
6691	1	1
6693	1	2
6696	1	1
6697	1	1
6700	1	1
6701	1	1
6702	1	1
6705	1	1
6708	1	1
6709	1	1
6711	1	1
6715	1	1
6717	1	1
6718	1	1
6719	1	2
6720	1	2
6722	1	1
6723	1	1
6726	1	1
6727	1	1
6728	1	1
6729	1	1
6730	1	1
6731	1	1
6732	1	2
6733	1	2
6738	1	1
6739	1	1
6743	1	1
6744	1	1
6745	1	1
6746	1	1
6749	1	1
6750	1	1
6751	1	1
6752	1	1
6754	1	1
6755	1	1
6757	1	1
6758	1	2
6760	1	1
6761	1	2
6762	2	3
6763	1	2
6765	1	1
6766	1	2
6767	1	1
6768	1	1
6770	1	1
6771	2	3
6772	2	3
6774	2	3
6775	1	1
6777	2	3
6778	1	1
6779	1	1
6781	2	3
6782	1	1
6788	1	2
6790	1	2
6792	1	1
6793	1	2
6801	1	1
6802	1	1
6803	1	1
6807	2	3
6809	2	3
6811	1	1
6812	1	1
6814	1	2
6815	1	1
6817	1	2
6819	1	1
6820	1	1
6824	1	1
6825	2	3
6826	1	1
6830	1	2
6834	1	1
6836	1	1
6838	1	1
6847	1	1
6848	1	1
6850	1	1
6859	1	1
6861	1	1
6862	1	1
6864	1	1
6865	1	1
6867	1	2
6872	1	1
6874	1	1
6876	1	1
6877	1	1
6878	1	1
6884	1	2
6890	1	1
6891	1	2
6895	1	2
6899	1	2
6905	1	1
6907	1	1
6909	1	2
6910	1	2
6914	1	1
6918	1	2
6919	1	2
6920	1	1
6921	1	2
6922	1	2
6923	1	1
6924	1	1
6927	1	1
6932	1	1
6934	1	1
6935	1	1
6937	1	1
6940	1	2
6941	1	2
6943	1	1
6944	1	2
6945	1	1
6947	1	2
6949	1	1
6954	1	1
6960	1	1
6961	1	1
6963	1	1
6964	1	1
6965	1	2
6967	1	2
6968	1	2
6969	1	1
6972	1	2
6974	1	1
6976	1	1
6978	1	1
6979	1	1
6980	1	2
6982	1	1
6983	1	1
6987	1	1
6988	1	1
6990	1	2
6991	1	2
6992	1	1
6994	1	1
6995	1	1
7001	1	1
7002	1	1
7003	1	1
7004	1	2
7006	1	2
7007	1	1
7008	1	1
7010	1	1
7015	1	2
7016	1	2
7018	1	1
7021	1	1
7023	1	1
7026	1	2
7032	1	2
7034	1	1
7035	1	1
7036	1	1
7037	1	2
7041	1	2
7042	1	2
7044	1	1
7048	1	1
7051	1	1
7053	1	1
7054	1	2
7055	1	2
7058	1	1
7059	1	2
7060	1	1
7061	1	1
7063	1	1
7064	1	1
7067	1	1
7070	1	1
7072	1	1
7078	1	1
7079	1	1
7080	1	1
7081	1	1
7082	1	1
7083	1	1
7086	1	1
7087	1	1
7088	1	1
7089	1	1
7090	1	1
7092	1	1
7093	1	1
7094	1	2
7095	1	1
7096	1	2
7100	1	1
7101	1	1
7102	1	1
7104	1	1
7105	1	1
7108	1	1
7109	1	1
7112	1	1
7115	1	2
7120	1	2
7123	1	1
7126	1	2
7127	1	2
7129	1	2
7130	1	2
7132	1	2
7133	1	2
7136	1	1
7138	1	1
7139	1	1
7142	1	2
7146	1	2
7148	1	1
7153	1	2
7156	1	1
7158	1	2
7159	1	2
7160	1	1
7162	1	1
7163	1	2
7167	1	1
7169	1	1
7172	1	1
7173	1	1
7174	1	2
7175	1	1
7176	1	2
7177	1	1
7178	1	2
7179	1	2
7180	1	2
7181	1	2
7183	1	1
7185	1	1
7186	1	1
7187	1	2
7188	1	2
7189	1	1
7191	1	1
7197	1	1
7200	1	2
7201	1	1
7203	1	1
7205	1	1
7207	1	2
7209	1	1
7210	1	1
7213	1	1
7214	1	1
7217	1	1
7218	1	1
7222	1	1
7224	1	1
7225	1	1
7226	1	1
7227	1	1
7233	1	1
7234	1	1
7237	1	1
7238	1	1
7239	1	1
7244	1	1
7246	1	1
7250	1	1
7251	1	1
7253	1	1
7254	1	1
7256	1	1
7257	1	1
7259	1	1
7260	1	2
7261	1	2
7262	1	1
7263	1	1
7265	1	1
7266	1	2
7267	1	2
7268	1	1
7269	1	2
7270	1	2
7271	1	2
7272	1	1
7273	1	1
7275	1	1
7277	1	2
7280	1	1
7281	1	1
7283	1	2
7287	1	2
7289	1	1
7293	1	1
7294	1	2
7295	1	1
7296	1	1
7297	1	2
7298	1	2
7299	1	1
7303	1	1
7304	1	1
7305	1	1
7306	1	2
7310	1	1
7311	1	1
7313	1	1
7315	1	2
7317	1	1
7320	1	1
7323	1	1
7327	1	1
7331	1	1
7332	1	1
7336	1	1
7338	1	1
7339	1	2
7345	1	2
7346	1	1
7348	1	2
7351	1	1
7353	1	2
7355	1	2
7356	1	2
7358	1	2
7360	1	1
7361	1	1
7362	1	1
7363	1	1
7365	1	1
7367	1	1
7370	1	2
7371	1	2
7373	1	1
7375	1	1
7376	2	3
7377	2	3
7378	1	1
7381	1	1
7382	1	1
7383	1	1
7384	1	1
7386	1	1
7388	1	1
7389	1	1
7391	1	1
7394	1	1
7397	1	1
7399	1	1
7400	1	1
7402	1	1
7404	1	1
7407	1	1
7409	1	1
7416	1	1
7419	1	1
7420	1	1
7421	1	1
7422	1	1
7423	1	2
7424	1	2
7427	1	2
7430	1	1
7433	1	1
7435	1	1
7436	1	1
7437	1	1
7440	1	2
7441	1	1
7447	1	1
7450	1	1
7452	1	1
7456	1	1
7458	1	1
7460	1	1
7462	1	1
7463	1	1
7468	1	1
7470	1	1
7471	1	1
7472	1	2
7474	1	1
7478	1	1
7479	1	2
7480	1	1
7481	1	1
7485	1	1
7487	1	2
7490	1	2
7493	1	1
7496	1	1
7499	1	1
7500	1	1
7501	1	1
7502	1	1
7508	1	1
7510	1	2
7511	1	2
7514	1	1
7515	1	1
7517	1	1
7518	1	1
7521	1	1
7523	1	2
7524	1	1
7525	1	2
7527	1	2
7533	1	2
7535	1	1
7537	1	1
7538	1	2
7539	1	2
7542	1	2
7543	1	1
7544	1	2
7545	1	1
7546	1	1
7547	1	1
7552	1	1
7554	1	2
7555	1	1
7556	1	1
7559	1	1
7564	1	2
7565	1	1
7568	1	1
7570	1	1
7572	1	1
7574	1	2
7576	1	1
7577	1	1
7580	1	1
7581	1	2
7582	1	1
7585	1	2
7588	1	2
7590	1	1
7591	1	1
7592	1	1
7594	1	1
7599	1	2
7604	1	1
7611	1	1
7612	1	1
7619	1	1
7621	1	2
7628	1	2
7629	1	1
7631	1	2
7632	1	1
7635	1	1
7637	1	1
7641	1	2
7642	1	1
7643	1	2
7645	1	1
7649	1	2
7650	1	2
7655	1	1
7657	1	1
7658	1	1
7662	1	2
7663	1	1
7664	1	1
7666	1	2
7668	1	1
7669	1	1
7672	1	2
7674	1	1
7675	1	2
7676	1	1
7677	1	2
7678	1	1
7679	1	1
7680	1	1
7681	1	1
7687	1	1
7692	1	2
7693	1	1
7695	1	1
7699	1	1
7700	1	1
7701	1	1
7702	1	1
7706	1	1
7707	1	1
7708	1	1
7709	1	2
7710	1	2
7711	1	1
7713	1	2
7716	1	1
7717	1	1
7718	1	1
7719	1	1
7723	1	1
7724	1	1
7726	1	2
7727	1	2
7728	1	2
7729	1	1
7730	1	2
7732	1	1
7734	2	3
7735	2	3
7736	1	1
7737	1	1
7738	1	1
7741	1	1
7744	1	1
7745	1	1
7746	1	1
7749	1	1
7750	1	2
7751	1	1
7755	1	1
7756	1	1
7758	1	1
7760	1	1
7761	1	1
7764	1	1
7766	1	1
7771	1	1
7772	1	1
7773	1	1
7779	1	2
7780	1	1
7782	1	2
7783	1	1
7784	1	1
7786	1	2
7787	1	2
7789	1	1
7790	1	1
7792	1	1
7795	1	2
7796	1	1
7797	1	1
7799	1	1
7803	1	2
7805	1	1
7811	1	1
7812	1	2
7813	1	1
7815	1	1
7821	1	1
7822	1	1
7823	1	1
7824	1	1
7825	1	1
7827	1	2
7828	1	2
7829	1	2
7831	1	2
7835	1	2
7842	1	1
7844	1	1
7845	1	1
7848	1	1
7849	1	2
7850	1	2
7855	1	1
7856	1	1
7857	1	1
7858	1	1
7859	1	1
7860	1	2
7862	1	2
7863	1	2
7866	1	1
7868	1	1
7869	1	1
7871	1	1
7872	1	2
7876	1	2
7878	1	1
7881	1	1
7882	1	1
7883	1	1
7886	1	1
7888	1	2
7890	1	1
7893	1	1
7894	1	1
7895	1	2
7898	1	1
7899	1	1
7900	1	1
7905	1	1
7906	1	1
7909	1	1
7910	1	2
7912	1	1
7913	1	1
7914	1	1
7917	1	1
7918	1	2
7919	1	1
7920	1	2
7921	1	2
7923	1	2
7925	1	1
7927	1	2
7928	1	2
7929	1	1
7930	1	1
7933	1	1
7936	1	2
7937	1	1
7940	1	1
7942	1	2
7944	1	1
7945	1	2
7946	1	1
7947	1	2
7949	1	2
7956	1	1
7959	1	1
7961	1	2
7962	1	1
7964	1	1
7966	1	1
7969	1	1
7972	1	1
7974	1	1
7975	1	2
7977	1	1
7978	1	1
7982	1	1
7984	1	1
7986	1	1
7988	1	1
7989	1	1
7990	1	1
7991	1	1
7992	1	1
7994	1	1
7996	1	1
7997	1	1
7999	1	1
8003	1	1
8004	1	1
8005	1	1
8007	1	2
8008	1	2
8009	1	1
8011	1	2
8012	1	2
8014	1	1
8021	1	2
8023	1	1
8024	1	1
8026	1	1
8027	1	1
8029	1	1
8030	1	1
8036	1	1
8037	1	1
8038	1	1
8039	1	2
8040	1	1
8041	1	1
8047	1	1
8048	1	1
8049	1	1
8052	1	1
8055	1	1
8056	1	1
8057	1	1
8061	1	1
8064	1	2
8069	1	1
8070	1	1
8071	1	1
8072	1	2
8076	1	2
8077	1	1
8080	1	2
8081	1	2
8085	1	2
8087	1	1
8088	1	1
8090	1	1
8091	1	1
8092	1	1
8096	1	2
8097	1	2
8098	1	2
8099	1	1
8104	1	1
8105	1	2
8106	1	1
8107	1	2
8109	1	1
8111	1	1
8112	1	1
8113	1	2
8114	1	2
8115	1	2
8117	1	1
8120	1	1
8123	1	2
8124	1	2
8126	1	2
8129	1	1
8131	1	1
8132	1	1
8133	1	1
8136	1	1
8142	1	1
8144	1	2
8145	1	2
8146	1	1
8147	1	1
8148	1	1
8150	1	1
8152	1	1
8155	1	2
8156	1	1
8157	1	2
8160	1	2
8165	1	1
8168	1	2
8170	1	1
8171	1	1
8173	1	1
8174	1	2
8175	1	1
8176	1	2
8181	1	1
8182	1	2
8183	1	1
8185	1	1
8187	1	1
8189	1	2
8190	1	1
8191	1	2
8192	1	2
8197	1	1
8198	1	1
8199	1	1
8200	1	1
8201	1	1
8202	1	1
8204	1	1
8205	1	1
8206	1	1
8207	1	2
8208	1	1
8209	1	1
8211	1	1
8214	1	2
8215	1	1
8217	1	1
8218	1	1
8220	1	1
8221	1	1
8223	1	1
8225	1	1
8229	1	1
8234	1	2
8237	1	2
8238	1	1
8241	1	1
8243	1	1
8248	1	1
8252	1	1
8254	1	1
8255	2	3
8256	2	3
8257	1	1
8258	1	1
8259	1	2
8262	1	1
8263	1	1
8265	1	2
8266	1	1
8267	1	1
8268	1	2
8269	1	1
8271	1	2
8272	1	1
8274	1	1
8277	1	1
8278	1	2
8279	1	2
8280	1	1
8288	1	2
8289	1	2
8291	1	2
8292	1	1
8293	1	2
8302	1	1
8304	1	1
8305	1	2
8307	1	2
8308	1	2
8309	1	2
8315	1	2
8316	1	1
8317	1	1
8319	1	1
8321	1	1
8324	1	1
8325	1	1
8327	1	2
8329	1	1
8330	1	2
8332	1	2
8333	1	1
8336	1	1
8337	1	1
8339	1	1
8341	1	1
8342	1	1
8347	1	2
8349	1	1
8350	1	1
8351	1	1
8354	1	2
8357	1	2
8359	1	1
8362	1	2
8364	1	2
8368	1	2
8371	1	1
8372	1	1
8374	1	2
8378	1	1
8380	1	1
8383	1	1
8385	1	1
8387	1	2
8390	1	1
8392	2	3
8399	1	1
8400	1	1
8402	1	1
8403	1	1
8405	1	1
8407	1	1
8408	1	1
8410	1	1
8411	1	1
8413	1	1
8414	1	1
8416	1	1
8417	1	2
8418	1	1
8419	1	1
8421	1	1
8422	1	2
8423	1	1
8427	1	1
8429	1	1
8434	1	2
8438	1	1
8439	1	1
8440	1	1
8441	1	1
8442	1	1
8444	1	1
8445	1	1
8447	1	1
8448	1	2
8450	1	1
8452	1	1
8454	1	1
8455	1	2
8458	1	1
8459	1	1
8461	1	1
8462	1	1
8464	1	2
8466	1	2
8468	1	1
8470	1	2
8471	1	1
8472	1	2
8474	1	1
8477	1	1
8481	1	1
8482	1	2
8483	1	1
8484	1	1
8485	1	1
8486	1	1
8488	1	1
8489	1	1
8490	1	1
8493	1	1
8494	1	1
8495	1	2
8496	1	1
8498	1	1
8501	1	1
8504	1	1
8505	1	1
8506	1	2
8507	1	2
8509	1	2
8510	1	1
8513	1	1
8522	1	1
8523	1	1
8528	1	1
8531	1	2
8534	1	1
8538	1	1
8539	1	1
8540	1	2
8544	1	1
8545	1	1
8547	1	2
8549	1	1
8550	1	1
8551	1	2
8552	1	2
8553	1	1
8554	1	1
8555	1	1
8561	1	2
8563	1	1
8564	1	1
8565	1	1
8566	1	1
8568	1	1
8571	1	1
8572	1	1
8573	1	1
8574	1	1
8575	1	1
8577	1	1
8581	1	1
8586	1	1
8588	1	1
8592	1	2
8597	1	2
8599	1	1
8604	1	2
8605	1	2
8606	1	2
8608	1	2
8621	1	1
8622	1	1
8623	1	2
8624	1	1
8625	1	1
8628	1	2
8634	1	2
8635	1	2
8636	1	1
8637	1	1
8638	1	1
8639	1	1
8642	1	1
8644	1	2
8645	1	2
8646	1	1
8655	1	1
8657	1	1
8663	1	2
8667	1	2
8669	1	2
8671	1	2
8673	1	1
8678	1	1
8679	1	2
8680	1	2
8681	1	2
8683	1	2
8684	1	2
8686	1	2
8687	1	1
8689	1	2
8690	1	2
8693	1	1
8695	1	1
8699	1	1
8700	1	1
8701	1	1
8703	1	1
8707	1	1
8708	1	1
8709	1	1
8710	1	1
8713	1	1
8715	1	1
8717	1	1
8721	1	1
8724	1	2
8725	1	2
8727	1	1
8731	1	2
8733	1	1
8734	1	1
8737	1	1
8742	1	1
8747	1	1
8749	1	1
8750	1	1
8751	1	1
8752	1	1
8757	1	1
8758	1	1
8760	1	1
8762	1	1
8764	1	1
8765	1	1
8767	1	1
8772	1	2
8773	1	2
8774	1	2
8775	1	1
8777	1	2
8778	1	1
8780	1	1
8783	1	1
8784	1	1
8785	1	1
8787	2	3
8789	1	1
8790	2	3
8795	2	3
8796	1	1
8801	2	3
8802	1	1
8803	1	1
8804	1	1
8806	2	3
8807	2	3
8808	1	1
8809	1	1
8810	1	1
8811	1	1
8812	2	3
8814	1	1
8815	1	1
8816	1	1
8818	1	1
8820	1	1
8821	1	1
8823	2	3
8827	2	3
8830	2	3
8832	1	1
8834	1	1
8835	1	1
8838	1	1
8841	1	1
8842	1	1
8843	1	1
8845	1	1
8846	1	1
8847	1	1
8850	1	1
8852	2	3
8854	1	1
8855	1	1
8858	1	1
8860	1	1
8862	1	1
8863	1	1
8866	1	1
8868	1	1
8869	1	1
8871	1	1
8872	1	1
8875	1	1
8877	1	2
8878	1	1
8880	1	2
8881	1	1
8882	1	1
8883	1	1
8889	1	1
8890	1	1
8891	1	2
8893	2	3
8897	1	1
8898	1	1
8906	1	1
8908	1	1
8914	1	1
8915	1	1
8916	1	1
8917	1	1
8919	1	1
8920	1	1
8923	1	2
8925	1	2
8926	1	2
8927	1	2
8931	1	2
8932	1	1
8933	1	1
8936	1	1
8937	1	1
8938	1	2
8939	1	1
8941	1	1
8945	1	1
8946	1	1
8949	1	2
8952	1	2
8953	1	1
8954	1	2
8955	1	1
8957	1	2
8961	1	2
8962	1	1
8963	1	1
8965	1	1
8967	1	1
8968	1	1
8969	1	2
8971	1	2
8974	1	1
8979	1	2
8980	1	2
8981	1	1
8982	1	2
8987	1	1
8988	2	3
8992	1	1
8994	1	1
9000	1	1
9001	1	1
9003	1	2
9004	1	2
9005	1	1
9007	1	1
9008	1	2
9010	1	2
9011	1	2
9013	1	1
9014	1	1
9017	1	2
9026	1	1
9027	1	1
9028	1	1
9032	1	1
9036	1	1
9037	1	1
9038	1	1
9039	1	1
9040	2	3
9046	1	1
9047	1	1
9048	1	1
9050	1	1
9052	1	1
9053	1	1
9055	1	1
9057	1	1
9058	1	1
9060	1	1
9063	1	1
9064	1	1
9065	1	1
9066	1	1
9067	1	1
9071	1	2
9073	1	1
9076	1	1
9077	1	2
9079	1	2
9082	1	1
9085	1	1
9086	1	1
9087	1	1
9088	1	1
9091	1	1
9092	1	1
9093	2	3
9095	1	1
9102	1	1
9104	1	1
9105	1	1
9107	1	1
9108	1	1
9110	1	1
9113	1	1
9115	1	1
9117	1	1
9124	1	1
9126	1	1
9129	1	1
9130	1	1
9131	1	1
9132	1	1
9134	1	1
9135	1	1
9138	1	1
9141	1	1
9142	1	1
9147	2	3
9148	2	3
9152	1	1
9153	2	3
9154	1	1
9157	1	1
9159	1	1
9165	1	1
9166	1	1
9167	1	1
9168	2	3
9169	2	3
9172	1	1
9173	1	1
9175	1	1
9178	1	1
9183	2	3
9184	1	1
9185	2	3
9186	1	1
9190	1	1
9192	2	3
9193	1	1
9196	1	1
9197	1	1
9198	1	1
9202	2	3
9205	2	3
9206	1	1
9207	1	1
9209	2	3
9210	1	1
9213	2	3
9216	1	1
9218	1	1
9220	1	1
9224	2	3
9225	1	1
9227	2	3
9228	1	1
9229	1	1
9232	1	1
9238	2	3
9241	2	3
9242	1	1
9243	2	3
9244	1	1
9245	1	1
9248	1	1
9250	2	3
9251	1	1
9252	2	3
9254	1	1
9255	1	1
9256	2	3
9258	2	3
9261	2	3
9263	2	3
9264	2	3
9265	2	3
9266	1	1
9275	2	3
9276	1	1
9277	1	1
9280	2	3
9281	1	1
9282	1	1
9287	2	3
9288	1	1
9289	2	3
9292	2	3
9293	1	1
9294	1	1
9295	2	3
9299	1	1
9300	2	3
9301	2	3
9303	1	1
9304	1	1
9305	1	1
9307	1	1
9313	2	3
9318	2	3
9319	1	1
9321	1	1
9322	1	1
9323	1	1
9324	1	1
9325	1	1
9327	1	1
9328	1	1
9330	1	1
9331	1	1
9332	1	1
9334	2	3
9335	2	3
9336	2	3
9338	1	1
9339	1	1
9340	1	1
9341	1	1
9343	1	1
9344	2	3
9345	2	3
9346	1	1
9347	1	1
9348	1	1
9350	2	3
9351	2	3
9352	1	1
9353	1	1
9354	1	1
9356	1	1
9359	2	3
9361	2	3
9362	1	1
9363	1	1
9366	1	1
9368	1	1
9369	1	1
9371	1	1
9373	1	1
9374	1	1
9378	1	1
9379	1	1
9380	1	1
9381	1	1
9382	1	1
9383	1	1
9384	1	1
9386	1	1
9387	1	1
9392	1	1
9393	1	1
9394	1	1
9395	1	1
9396	1	1
9397	1	1
9398	1	1
9402	1	1
9403	1	1
9404	1	1
9405	1	1
9406	2	3
9408	1	1
9409	1	1
9411	1	1
9412	1	1
9415	2	3
9417	1	1
9419	1	1
9420	1	1
9424	1	1
9427	1	1
9428	1	1
9430	1	1
9432	1	1
9433	1	1
9434	1	1
9436	1	1
9437	1	1
9440	1	1
9441	1	1
9442	1	1
9443	1	1
9444	1	1
9445	1	1
9447	1	1
9448	1	1
9449	1	1
9450	1	1
9451	1	1
9453	1	1
9460	1	1
9461	1	1
9462	1	1
9464	2	3
9466	1	1
9468	1	1
9470	1	1
9471	1	1
9473	1	1
9476	1	1
9478	1	1
9479	2	3
9480	1	1
9482	1	1
9485	1	1
9487	1	1
9492	2	3
9495	1	1
9496	2	3
9499	1	1
9500	1	1
9501	1	1
9502	1	1
9503	1	1
9505	1	1
9506	1	1
9507	1	1
9510	1	1
9513	2	3
9518	1	1
9519	1	1
9520	1	1
9524	1	1
9528	1	1
9529	1	1
9531	1	1
9534	1	1
9536	1	2
9539	1	1
9540	1	2
9541	1	1
9542	1	1
9545	1	1
9546	1	1
9547	1	1
9548	1	1
9549	1	1
9554	1	1
9557	1	1
9560	1	1
9563	1	2
9565	1	1
9566	1	1
9571	1	1
9573	1	1
9574	1	1
9576	1	1
9580	1	1
9581	1	1
9582	1	1
9583	1	1
9586	1	1
9589	1	1
9590	1	1
9592	1	1
9594	1	1
9596	1	1
9597	1	1
9600	1	1
9601	1	1
9602	1	1
9603	1	1
9605	1	1
9606	1	1
9607	1	1
9608	1	1
9613	1	1
9614	1	1
9617	1	1
9621	1	1
9623	1	1
9626	1	1
9629	1	1
9630	1	1
9631	1	1
9633	1	1
9638	1	1
9641	1	1
9642	1	1
9643	1	1
9651	1	1
9656	1	1
9658	1	1
9661	1	1
9662	1	1
9664	1	1
9665	1	1
9668	1	2
9669	1	1
9675	1	1
9676	1	1
9677	1	1
9680	1	1
9682	1	1
9687	1	1
9689	2	3
9690	2	3
9691	1	1
9692	1	1
9694	1	1
9698	2	3
9699	2	3
9701	1	1
9702	1	1
9703	1	1
9704	1	1
9706	1	1
9708	1	1
9709	1	1
9710	1	1
9712	1	1
9714	1	1
9715	1	1
9717	1	1
9718	1	1
9720	1	1
9721	1	1
9722	1	1
9730	1	1
9731	1	2
9732	1	2
9736	1	1
9740	1	2
9741	1	2
9744	1	2
9748	1	1
9749	1	1
9750	1	1
9752	1	1
9753	1	1
9759	1	1
9760	1	1
9761	1	1
9763	1	2
9764	1	1
9767	1	1
9768	1	1
9769	1	1
9772	1	1
9773	1	1
9777	1	1
9779	1	1
9782	1	2
9783	1	2
9788	1	1
9791	1	1
9794	1	1
9795	1	1
9796	1	1
9798	1	1
9800	1	2
9802	1	1
9805	1	1
9806	1	1
9808	1	1
9809	1	1
9810	1	1
9811	1	1
9812	1	1
9818	1	2
9819	1	1
9822	1	1
9827	1	2
9828	1	2
9829	1	1
9830	1	1
9832	1	1
9834	1	1
9836	1	1
9838	1	2
9840	1	1
9845	1	1
9846	1	2
9848	1	1
9849	1	1
9850	1	1
9851	1	1
9852	1	1
9853	1	1
9855	1	1
9859	1	2
9868	1	1
9870	1	1
9872	1	2
9874	1	2
9875	1	2
9876	1	1
9877	1	2
9878	1	2
9880	1	2
9885	1	2
9886	1	2
9887	1	2
9892	1	2
9897	1	1
9899	1	1
9900	1	1
9901	1	1
9902	1	1
9907	1	1
9909	1	1
9910	2	3
9913	1	1
9916	1	1
9917	2	3
9918	1	1
9921	1	1
9924	1	1
9925	2	3
9926	1	1
9927	2	3
9929	1	1
9930	1	1
9932	1	1
9933	1	1
9934	1	1
9938	1	1
9939	1	1
9940	1	1
9941	2	3
9945	2	3
9946	1	1
9947	1	1
9948	1	1
9949	1	1
9951	1	1
9952	1	2
9958	1	2
9959	1	2
9960	1	1
9961	1	1
9966	1	1
9968	1	1
9969	1	1
9972	1	1
9973	1	1
9974	1	1
9975	1	1
9976	1	1
9977	1	1
9978	1	1
9980	1	1
9981	1	1
9985	1	1
9986	1	1
9988	1	1
9993	1	1
9995	1	1
9996	1	1
9997	1	1
9998	1	1
9999	1	1
10000	1	1
10001	1	1
10002	1	1
10005	1	1
10008	2	3
10009	1	1
10010	2	3
10011	2	3
10013	1	1
10015	2	3
10018	1	1
10019	1	1
10022	1	1
10024	1	1
10025	1	1
10026	1	1
10027	1	1
10028	1	1
10029	1	1
10030	1	1
10032	1	1
10034	1	1
10035	1	1
10037	1	1
10041	1	1
10043	1	1
10047	1	1
10050	1	1
10052	1	1
10053	1	1
10054	1	1
10057	1	2
10059	1	2
10061	1	1
10064	1	1
10065	1	1
10069	1	1
10070	2	3
10071	2	3
10074	1	1
10075	1	1
10076	1	1
10077	1	1
10078	2	3
10082	1	1
10086	2	3
10087	1	1
10088	1	1
10089	1	1
10090	1	1
10091	1	1
10093	2	3
10095	1	1
10096	1	1
10097	1	1
10099	2	3
10106	2	3
10107	1	1
10108	1	1
10110	1	1
10111	1	1
10112	1	1
10116	1	1
10117	1	1
10118	1	1
10119	1	1
10123	1	1
10124	1	1
10129	1	1
10130	1	1
10131	1	1
10132	1	1
10133	1	1
10134	2	3
10137	2	3
10138	1	1
10139	1	1
10141	1	1
10142	1	2
10144	1	2
10145	1	2
10148	1	1
10149	1	2
10150	1	2
10151	1	2
10153	1	2
10154	1	2
10157	1	1
10159	1	2
10162	1	1
10163	1	1
10164	1	2
10167	1	1
10168	1	1
10170	1	1
10171	1	1
10173	1	2
10175	1	2
10178	1	1
10180	1	1
10182	1	1
10183	1	1
10184	1	1
10185	1	2
10186	1	1
10189	1	1
10190	1	1
10191	1	1
10192	1	1
10193	2	3
10195	1	1
10199	1	1
10200	1	1
10203	1	1
10204	1	1
10205	1	1
10206	1	1
10210	1	1
10211	1	1
10212	1	2
10214	1	2
10216	1	2
10218	1	1
10219	1	1
10220	1	2
10221	1	1
10224	1	2
10226	1	1
10227	1	1
10228	1	1
10232	1	1
10233	1	1
10234	1	1
10235	1	1
10237	1	1
10238	1	1
10239	1	1
10241	1	2
10242	1	2
10244	1	1
10248	1	2
10249	1	2
10250	1	2
10251	1	2
10253	1	1
10259	1	2
10260	1	2
10261	1	2
10262	1	1
10264	1	1
10266	1	1
10267	1	1
10268	1	2
10269	1	1
10271	1	1
10273	1	2
10275	1	1
10276	1	1
10277	1	1
10278	1	1
10280	1	2
10282	1	1
10283	1	1
10289	1	1
10290	1	1
10292	1	2
10293	1	1
10295	1	1
10296	1	2
10297	1	2
10298	1	2
10299	1	2
10303	1	2
10305	1	1
10306	1	1
10311	1	1
10317	1	1
10318	1	1
10319	1	1
10320	1	2
10321	1	1
10322	1	2
10325	1	2
10327	1	2
10328	1	2
10330	1	1
10332	1	1
10333	1	1
10334	1	1
10335	1	2
10337	1	1
10339	1	1
10340	1	1
10342	1	2
10343	1	2
10344	1	2
10348	1	1
10349	1	2
10350	1	1
10351	1	1
10353	1	1
10354	1	1
10357	1	2
10359	1	1
10365	1	2
10370	1	1
10371	1	1
10372	1	1
10375	1	1
10376	1	1
10378	1	1
10380	1	1
10382	1	1
10384	1	1
10385	1	1
10386	1	1
10387	1	1
10388	1	1
10390	1	1
10395	1	2
10397	1	1
10401	1	2
10402	1	2
10406	1	1
10407	1	1
10410	1	1
10412	1	2
10415	1	2
10416	1	1
10418	1	1
10422	1	1
10423	1	1
10427	1	1
10428	1	1
10430	1	1
10435	1	1
10436	1	1
10438	1	1
10439	1	1
10440	1	1
10441	1	1
10442	1	1
10443	1	1
10445	1	1
10449	2	3
10452	2	3
10454	1	1
10455	1	1
10456	1	1
10457	1	1
10459	1	2
10460	1	1
10461	1	1
10463	1	1
10464	1	1
10465	1	1
10466	1	2
10468	1	2
10470	1	1
10471	1	2
10472	1	1
10473	1	1
10482	1	2
10489	1	1
10490	1	1
10493	1	1
10495	1	1
10496	1	1
10497	1	1
10498	1	1
10499	1	1
10501	1	1
10503	1	1
10504	1	1
10506	1	1
10507	1	1
10510	1	1
10511	1	1
10514	1	1
10516	1	2
10518	1	2
10522	1	1
10524	1	1
10531	1	1
10532	1	1
10533	1	1
10535	1	2
10536	1	2
10537	1	1
10538	1	1
10539	1	1
10540	1	1
10542	1	1
10543	1	1
10545	1	2
10548	1	1
10549	1	1
10552	1	1
10553	1	1
10557	1	2
10559	1	2
10561	1	1
10562	1	2
10565	1	1
10566	1	1
10571	1	2
10574	1	1
10575	1	1
10576	1	2
10577	1	2
10579	1	1
10580	1	2
10581	1	1
10583	1	2
10584	1	1
10586	1	1
10592	1	1
10593	1	1
10594	1	1
10595	1	1
10596	1	1
10598	1	1
10599	1	1
10600	1	1
10601	1	1
10602	1	1
10603	1	1
10605	1	1
10609	1	1
10610	1	1
10611	1	1
10612	1	1
10613	1	1
10614	1	1
10615	1	1
10616	1	1
10617	1	1
10618	1	1
10620	1	1
10621	1	1
10622	1	1
10624	1	1
10625	1	1
10626	1	1
10627	1	2
10630	1	2
10631	1	2
10633	1	1
10634	1	1
10636	1	1
10640	1	1
10642	1	2
10643	1	1
10644	1	1
10645	1	1
10646	1	2
10652	1	2
10653	1	1
10654	1	1
10655	1	1
10656	1	1
10657	1	2
10658	1	1
10660	1	1
10662	1	2
10663	1	2
10665	1	2
10668	1	1
10670	1	2
10671	1	1
10673	1	2
10674	1	1
10676	1	1
10679	1	1
10681	1	1
10686	1	1
10688	1	1
10691	1	1
10697	1	1
10698	1	1
10699	1	1
10700	1	1
10701	1	1
10702	1	1
10703	1	1
10704	1	1
10707	1	1
10710	1	1
10711	1	1
10713	1	1
10714	1	1
10715	1	1
10716	1	1
10717	1	1
10718	1	1
10719	1	1
10720	1	1
10725	1	1
10726	1	1
10727	1	1
10728	1	1
10729	1	2
10730	1	2
10731	1	1
10732	1	1
10733	1	1
10735	1	1
10736	1	1
10737	1	1
10741	1	1
10753	1	1
10754	1	1
10755	1	1
10756	1	1
10758	1	1
10760	1	1
10764	1	1
10765	1	1
10766	1	1
10769	1	1
10772	1	1
10773	1	1
10775	1	1
10776	1	1
10777	1	1
10779	1	1
10781	1	1
10782	1	2
10783	1	2
10785	1	1
10787	1	1
10788	1	1
10789	1	1
10793	1	1
10797	1	1
10799	1	1
10802	1	2
10803	1	2
10805	1	1
10806	1	1
10807	1	1
10808	1	1
10812	1	1
10815	1	1
10816	1	1
10817	1	1
10820	1	1
10821	1	1
10825	1	1
10826	1	1
10828	1	1
10832	2	3
10833	2	3
10836	1	1
10837	1	1
10838	1	1
10840	1	1
10842	1	1
10843	1	1
10844	1	1
10845	1	1
10846	1	1
10848	1	1
10849	1	1
10851	1	1
10852	1	1
10854	1	1
10855	2	3
10856	2	3
10858	1	1
10859	1	1
10860	1	1
10861	1	1
10862	2	3
10863	1	1
10864	2	3
10865	2	3
10868	2	3
10870	1	1
10871	1	1
10873	1	1
10874	1	1
10875	2	3
10876	2	3
10877	1	1
10878	1	1
10879	1	1
10880	1	1
10882	2	3
10884	2	3
10885	1	1
10888	1	1
10889	1	1
10890	1	1
10891	1	1
10892	1	1
10895	1	1
10896	1	1
10897	1	1
10898	1	1
10899	2	3
10900	2	3
10903	1	1
10906	1	1
10907	1	1
10916	2	3
10923	1	1
10929	2	3
10930	2	3
10932	2	3
10934	1	1
10936	1	1
10940	1	1
10941	1	1
10944	2	3
10945	2	3
10946	1	1
10948	1	1
10950	1	1
10951	1	1
10956	1	1
10959	1	1
10961	2	3
10963	2	3
10964	1	1
10969	1	1
10970	1	1
10971	1	1
10973	1	1
10974	1	1
10975	1	1
10976	1	1
10977	1	1
10978	1	1
10979	1	1
10980	1	1
10982	1	1
10983	1	1
10984	1	1
10988	1	1
10996	1	1
11000	1	1
