Sweep	Move_type	nBreakpoints	Chain_l	Chain_r
1	3	16	1	3
2	3	22	3	1
4	1	1	3	1
7	3	13	1	3
8	1	1	1	3
9	2	2	3	1
10	2	2	3	1
13	3	21	1	3
17	1	1	2	1
19	1	1	2	1
20	3	18	2	1
22	1	1	1	2
29	2	2	1	2
31	2	2	1	2
32	2	2	1	2
35	1	1	1	2
36	2	2	1	2
39	2	2	1	2
43	3	14	1	2
54	3	9	1	3
66	3	18	1	3
79	3	15	1	3
80	3	20	1	3
86	3	16	1	2
90	2	2	1	2
93	3	3	1	2
95	3	7	1	3
100	1	1	1	3
106	3	15	1	2
146	3	7	1	3
154	3	8	1	2
177	2	2	1	3
210	3	25	1	2
212	3	14	1	3
216	3	17	1	2
221	3	7	1	2
229	3	13	1	2
247	3	15	1	3
260	3	15	1	2
269	3	16	1	3
286	3	21	2	3
296	3	14	1	3
298	3	13	1	3
301	2	2	1	2
305	3	15	1	3
309	3	9	1	2
327	3	13	2	3
328	3	7	1	2
331	3	13	2	1
336	2	2	1	2
339	3	14	2	1
341	1	1	1	2
344	3	6	1	2
353	3	15	2	1
356	3	6	1	2
360	3	19	2	1
374	3	18	1	2
379	3	7	2	1
382	2	2	1	2
393	3	17	2	1
409	3	17	1	2
427	3	18	1	2
429	3	9	1	3
437	3	9	1	2
440	3	20	1	2
441	3	14	2	1
445	3	19	2	1
449	1	1	1	2
456	3	9	1	2
457	3	13	2	1
459	3	11	2	1
466	3	13	1	2
467	3	11	1	2
486	3	20	1	2
492	3	9	1	2
494	3	13	1	2
504	3	14	1	2
509	3	21	1	2
510	3	25	1	2
520	3	16	1	2
523	3	5	1	2
527	3	11	1	2
528	3	14	1	2
545	2	2	2	3
547	3	22	1	2
552	3	12	1	2
553	3	15	1	2
565	3	9	1	2
571	1	1	1	2
576	3	29	1	2
579	3	7	1	2
583	1	1	1	2
585	2	2	1	3
587	3	22	1	3
588	3	5	1	2
593	3	20	1	2
597	3	20	1	2
602	3	13	1	2
603	3	9	1	3
606	3	15	1	2
614	2	2	1	2
624	3	10	1	2
629	3	19	2	1
635	3	24	1	2
652	3	18	1	2
653	3	15	1	2
654	3	8	2	1
657	3	20	1	2
672	3	24	1	3
688	3	14	1	2
692	3	9	1	3
693	3	17	1	3
695	3	8	1	3
700	3	12	1	2
702	3	22	1	2
708	1	1	1	2
714	3	8	1	3
720	3	16	1	2
721	3	5	1	3
727	3	17	1	3
730	3	5	1	2
740	3	12	1	2
752	2	2	1	2
762	3	14	1	2
768	1	1	1	2
770	3	14	1	2
771	3	14	1	2
776	3	20	1	2
781	3	25	2	1
788	3	20	2	1
790	3	22	1	2
802	3	3	1	2
821	3	10	1	2
827	2	2	1	2
831	3	12	1	3
832	2	2	1	2
838	3	22	1	3
839	3	14	1	2
844	1	1	1	2
845	2	2	1	2
847	3	18	1	2
849	3	29	1	3
851	3	7	1	3
852	3	16	1	3
878	3	21	1	3
880	2	2	1	2
887	2	2	1	2
892	3	21	2	1
895	3	19	2	1
896	1	1	1	2
910	3	12	1	2
914	3	12	2	1
925	2	2	1	2
926	3	12	1	2
929	3	7	1	2
951	3	7	1	2
958	3	17	1	2
963	3	29	1	2
969	3	20	1	2
971	3	13	2	1
975	3	9	1	2
976	1	1	1	2
977	2	2	1	2
980	3	22	1	2
988	1	1	1	2
991	3	7	1	2
993	3	20	1	2
1006	3	8	1	2
1019	3	19	1	2
1022	3	20	1	2
1023	1	1	1	2
1025	3	8	2	1
1028	3	10	1	2
1033	2	2	1	2
1038	1	1	1	2
1039	3	18	1	2
1044	3	9	2	1
1046	3	7	1	2
1047	3	12	2	1
1048	2	2	1	2
1049	2	2	2	1
1051	1	1	1	2
1055	3	30	2	1
1056	3	25	1	2
1058	3	18	1	2
1061	1	1	1	2
1068	3	12	1	2
1069	1	1	1	2
1074	2	2	1	2
1078	1	1	1	2
1079	3	12	2	1
1089	2	2	1	2
1099	1	1	2	1
1104	2	2	1	2
1158	3	9	1	3
1167	3	7	1	3
1171	3	17	1	3
1177	3	13	1	3
1178	3	15	1	3
1185	3	28	1	3
1195	3	12	1	3
1199	3	26	1	3
1229	3	12	1	3
1248	3	28	1	2
1255	3	17	1	2
1269	3	10	1	2
1295	2	2	1	2
1302	3	20	1	3
1307	3	10	1	2
1314	3	6	1	3
1318	3	26	1	3
1326	3	9	1	3
1327	3	18	1	3
1328	3	15	1	2
1334	3	17	1	2
1346	3	11	1	3
1355	3	8	1	2
1362	3	21	1	2
1373	1	1	1	2
1382	3	7	1	3
1392	3	10	1	3
1448	3	5	1	2
1471	3	16	1	2
1482	3	12	1	3
1493	3	14	1	2
1498	1	1	1	2
1505	3	7	1	2
1506	3	12	1	2
1515	3	23	1	2
1518	3	8	1	3
1519	3	17	1	3
1524	3	5	1	3
1528	3	18	1	2
1533	3	13	1	2
1539	3	11	1	3
1558	3	6	1	2
1580	3	5	1	2
1582	3	22	1	2
1584	3	11	1	2
1605	3	9	1	3
1612	3	5	1	2
1629	1	1	1	2
1631	3	20	2	1
1632	3	16	2	1
1633	3	10	1	2
1636	3	20	1	2
1640	3	20	2	1
1641	2	2	1	2
1642	1	1	2	1
1652	1	1	2	1
1655	2	2	2	1
1658	3	7	1	2
1672	2	2	1	2
1673	2	2	2	1
1679	3	19	1	3
1682	3	18	1	2
1689	3	18	1	2
1691	3	19	2	1
1694	3	22	2	1
1695	1	1	1	2
1696	3	14	1	2
1698	3	7	2	1
1702	3	10	2	1
1704	1	1	1	2
1719	3	8	1	2
1729	3	3	1	2
1738	3	23	2	1
1742	1	1	2	1
1744	3	6	2	1
1757	3	15	1	2
1760	3	6	1	3
1768	3	21	1	2
1774	3	17	2	1
1781	3	12	2	1
1783	3	12	1	2
1791	3	14	1	2
1795	3	14	2	1
1797	3	6	1	2
1803	2	2	1	2
1807	2	2	1	2
1822	3	10	1	2
1823	3	8	1	2
1829	1	1	2	1
1861	2	2	1	2
1862	3	5	1	2
1867	1	1	2	1
1869	1	1	2	1
1871	3	13	1	2
1872	2	2	1	2
1873	3	15	1	2
1875	3	15	1	2
1878	3	14	1	2
1880	3	9	1	2
1881	2	2	1	2
1882	3	14	1	2
1894	3	16	1	2
1902	3	14	1	2
1904	1	1	2	1
1918	2	2	1	2
1920	3	21	1	2
1925	3	15	1	2
1929	3	9	1	2
1937	3	8	2	1
1941	3	32	1	2
1943	3	17	1	2
1949	3	15	2	1
1951	3	18	1	2
1952	3	23	1	2
1953	3	15	2	1
1956	3	25	1	2
1965	3	26	2	1
1970	3	6	1	2
1982	3	10	1	2
2008	2	2	1	2
2011	3	9	1	2
2014	3	10	1	3
2015	3	7	1	2
2016	3	15	1	2
2017	3	18	1	2
2019	2	2	1	2
2023	3	8	1	2
2027	3	4	2	1
2031	3	21	1	2
2033	3	3	1	2
2042	3	5	2	1
2054	3	8	1	2
2060	3	12	1	3
2063	1	1	1	2
2070	3	9	1	2
2086	3	6	1	2
2093	2	2	2	1
2095	2	2	1	2
2119	3	18	1	2
2134	3	11	1	2
2139	3	15	1	3
2141	3	25	1	3
2165	3	17	1	2
2166	3	15	1	3
2182	3	8	1	3
2192	3	5	1	2
2196	3	12	1	3
2203	3	33	1	2
2224	3	7	1	2
2230	3	6	1	2
2238	3	15	1	2
2249	1	1	2	1
2252	1	1	1	2
2258	3	20	1	2
2262	3	19	1	3
2268	3	29	1	3
2273	3	12	1	3
2294	3	21	1	2
2297	3	20	1	3
2308	3	15	1	2
2310	3	10	1	3
2313	3	19	1	2
2322	3	12	1	2
2330	3	7	2	1
2346	3	7	2	1
2349	3	15	2	1
2351	3	24	1	3
2374	3	4	1	2
2391	3	5	2	1
2396	1	1	1	2
2410	3	20	1	2
2418	3	13	1	3
2419	3	6	1	2
2422	3	23	1	2
2427	3	8	1	2
2428	1	1	1	2
2439	3	24	1	2
2443	3	4	1	2
2445	3	22	1	2
2447	3	25	2	1
2448	3	12	2	1
2461	3	4	1	2
2463	3	20	1	2
2465	3	15	1	2
2468	1	1	1	2
2492	3	15	1	2
2501	3	11	2	1
2515	3	20	1	2
2516	1	1	1	2
2518	3	13	1	2
2527	3	7	1	2
2539	3	30	1	2
2542	3	6	2	1
2543	3	15	2	1
2549	3	14	1	3
2554	1	1	1	2
2560	3	6	2	1
2564	2	2	1	2
2569	3	18	1	2
2573	3	14	1	2
2583	2	2	1	2
2584	3	12	2	1
2590	3	16	1	2
2593	3	15	2	1
2596	3	7	1	2
2600	3	13	1	3
2626	3	20	1	3
2633	3	11	1	2
2643	3	11	1	2
2673	2	2	1	2
2674	3	14	2	1
2675	1	1	1	2
2684	3	20	2	1
2701	3	18	1	2
2702	3	17	1	2
2707	3	6	1	3
2708	3	12	1	3
2713	1	1	1	2
2714	3	6	1	3
2716	3	11	1	2
2724	2	2	1	2
2729	2	2	2	1
2737	3	7	2	1
2738	3	10	2	1
2741	3	10	1	2
2747	3	7	2	1
2755	3	21	1	2
2767	1	1	1	2
2771	3	23	1	2
2773	3	9	1	2
2775	2	2	1	2
2782	3	9	2	1
2787	3	20	1	2
2793	1	1	1	3
2799	3	12	2	1
2806	2	2	1	2
2809	3	21	2	1
2833	3	12	1	2
2834	2	2	1	2
2845	3	22	1	3
2857	3	26	1	2
2859	3	17	1	3
2867	3	14	1	2
2871	3	13	1	2
2873	3	19	1	2
2885	3	19	1	2
2894	1	1	1	3
2896	3	7	1	2
2897	3	6	1	2
2907	2	2	1	2
2910	1	1	1	2
2914	1	1	1	3
2915	3	23	1	2
2916	3	4	1	3
2918	3	10	1	2
2919	3	13	1	3
2920	3	19	1	3
2921	3	13	1	3
2923	1	1	1	3
2927	3	13	1	2
2934	3	18	1	3
2938	3	12	1	2
2939	3	25	2	3
2945	3	15	1	2
2946	3	16	1	2
2953	3	20	1	2
2955	3	23	1	2
2956	3	16	1	2
2958	3	8	1	2
2966	3	5	1	2
2967	3	20	1	3
2976	3	2	1	2
2978	1	1	1	2
2984	1	1	1	3
2994	2	2	1	2
2996	3	10	1	2
3006	3	16	1	3
3009	3	6	1	2
3010	2	2	1	2
3020	3	13	2	3
3025	3	18	1	2
3026	3	28	1	3
3030	3	16	1	3
3031	3	10	1	2
3036	3	12	1	2
3039	3	26	1	2
3040	3	6	1	3
3042	3	7	1	3
3048	3	13	1	3
3050	3	17	1	3
3051	3	18	1	2
3053	3	23	1	3
3066	2	2	1	2
3068	3	18	2	1
3070	3	33	2	1
3072	3	7	1	2
3084	3	23	1	2
3105	3	17	2	1
3109	2	2	1	2
3111	3	4	1	2
3142	1	1	1	2
3143	3	28	1	2
3146	1	1	1	2
3153	3	23	2	1
3154	1	1	2	1
3159	3	5	2	1
3164	3	16	2	1
3165	1	1	1	2
3172	3	10	1	2
3176	1	1	2	1
3178	2	2	1	2
3182	2	2	1	2
3197	3	7	1	2
3201	1	1	1	2
3211	1	1	1	2
3213	3	16	2	1
3217	3	9	1	2
3218	3	13	1	2
3220	3	18	1	2
3224	1	1	2	1
3257	3	12	1	2
3266	3	9	1	2
3270	3	20	1	2
3287	3	7	1	2
3288	3	14	1	2
3296	3	15	1	2
3299	2	2	1	2
3301	2	2	1	2
3304	3	19	2	1
3314	3	15	1	2
3323	3	10	1	2
3326	3	17	1	2
3330	3	11	1	2
3337	2	2	1	2
3341	3	10	1	2
3347	2	2	1	2
3355	3	8	1	2
3356	1	1	1	2
3359	1	1	1	2
3360	3	21	1	3
3368	3	25	1	2
3370	3	22	1	2
3376	3	4	1	3
3378	3	8	1	3
3386	3	25	1	2
3399	3	8	1	2
3400	3	7	1	2
3401	3	17	1	2
3404	2	2	1	2
3405	2	2	2	1
3407	3	6	2	1
3414	3	3	2	1
3418	3	8	1	2
3421	3	20	1	2
3422	1	1	1	2
3426	3	10	1	2
3427	3	17	1	2
3434	3	10	1	3
3435	3	3	1	2
3439	3	23	1	2
3445	3	18	1	3
3448	3	26	1	2
3456	2	2	1	2
3458	3	20	2	1
3494	1	1	1	2
3497	3	33	1	2
3504	1	1	2	1
3511	3	20	1	2
3512	3	8	1	2
3514	3	16	2	1
3530	3	15	1	3
3538	3	22	1	2
3552	3	12	1	2
3560	3	17	1	2
3573	3	13	2	1
3577	3	6	1	2
3578	2	2	1	2
3581	3	10	2	1
3585	3	5	2	1
3586	3	16	2	1
3587	3	22	1	2
3588	2	2	2	1
3596	3	7	2	1
3601	3	11	1	2
3602	3	20	1	3
3609	1	1	1	2
3614	1	1	2	1
3616	3	7	1	2
3624	2	2	1	3
3630	1	1	2	1
3633	3	4	1	2
3635	2	2	2	1
3640	3	17	1	2
3673	2	2	2	1
3684	3	14	1	2
3698	3	8	1	3
3702	3	10	1	2
3705	3	25	1	3
3718	3	17	1	3
3746	3	20	1	2
3760	3	18	1	2
3761	3	6	1	3
3776	1	1	1	3
3796	3	20	1	2
3801	2	2	1	2
3802	1	1	1	2
3813	3	16	1	3
3817	3	12	1	2
3819	3	14	1	2
3820	3	6	1	2
3837	3	20	1	3
3838	3	20	1	3
3844	3	7	1	2
3846	3	5	1	2
3848	3	11	1	2
3853	3	14	1	2
3854	3	15	1	2
3865	3	24	1	3
3870	3	15	2	1
3873	3	12	1	2
3885	3	30	2	1
3897	3	17	1	3
3904	3	13	1	2
3916	3	29	1	2
3924	3	14	1	3
3925	3	6	1	3
3934	3	28	1	2
3948	3	19	1	3
3950	3	7	1	2
3959	1	1	1	2
3963	3	14	1	3
3969	3	11	1	2
3973	3	3	1	2
3984	2	2	1	2
3990	3	5	1	2
3993	3	17	1	2
3997	3	18	1	2
3999	3	8	1	2
4000	3	19	1	3
4017	3	17	1	2
4018	3	19	1	2
4021	1	1	2	1
4022	3	12	1	2
4024	3	15	1	2
4028	3	9	2	1
4029	1	1	2	1
4030	3	3	2	1
4031	3	16	1	2
4038	3	18	2	1
4045	3	11	1	2
4051	3	15	1	2
4060	3	8	1	2
4061	3	15	1	2
4068	3	8	2	1
4069	2	2	2	1
4072	2	2	2	1
4077	3	34	1	2
4078	3	16	2	1
4083	3	19	1	2
4085	1	1	1	2
4099	3	8	2	1
4100	3	12	1	2
4106	3	9	1	2
4107	3	15	1	3
4111	3	14	1	2
4114	2	2	2	1
4116	3	16	2	1
4127	3	19	1	2
4133	3	28	1	2
4141	3	22	1	2
4146	2	2	1	2
4148	3	11	1	2
4154	2	2	2	1
4155	3	17	2	1
4166	3	18	1	2
4168	3	10	1	2
4172	3	3	1	2
4178	3	18	2	1
4179	3	9	2	1
4202	3	18	2	1
4204	2	2	1	2
4206	3	9	2	1
4210	1	1	1	2
4217	3	20	1	2
4222	3	34	1	2
4231	3	18	1	2
4234	3	9	1	2
4236	3	26	1	2
4238	3	8	2	1
4249	1	1	1	2
4252	3	7	1	2
4256	3	14	1	3
4267	1	1	2	1
4276	3	26	1	2
4278	3	13	1	2
4281	1	1	2	1
4283	3	9	1	3
4295	3	17	1	3
4300	3	8	1	2
4309	3	5	1	2
4312	1	1	1	2
4314	3	21	1	2
4325	3	7	2	1
4333	3	18	1	2
4335	1	1	1	3
4339	3	15	1	2
4360	3	10	1	2
4365	3	20	1	2
4389	3	19	2	1
4395	1	1	2	1
4403	3	14	1	2
4408	3	18	1	2
4418	3	19	1	2
4420	3	22	1	2
4421	3	10	1	2
4432	1	1	1	2
4435	1	1	1	2
4437	3	7	1	2
4445	3	11	1	2
4450	3	7	2	1
4465	3	20	1	2
4466	1	1	1	2
4468	3	11	1	2
4472	3	7	2	1
4476	3	16	1	2
4478	2	2	1	2
4490	1	1	1	2
4492	1	1	2	1
4501	3	19	2	1
4505	2	2	1	2
4506	3	8	1	2
4512	3	18	1	2
4516	3	18	1	2
4525	2	2	2	1
4527	3	12	1	2
4534	3	10	1	2
4536	3	9	1	2
4547	3	21	2	1
4551	3	17	1	2
4554	3	17	2	1
4555	3	28	2	1
4577	3	22	1	3
4588	3	21	2	1
4591	3	7	1	2
4593	1	1	1	2
4594	2	2	1	2
4595	3	20	2	1
4601	3	10	1	2
4603	3	6	1	3
4612	3	17	1	2
4614	3	9	1	3
4621	2	2	1	2
4622	3	13	2	1
4625	2	2	1	2
4630	3	15	2	1
4631	3	9	1	2
4634	3	6	2	1
4644	3	17	2	1
4648	3	13	1	2
4657	3	23	1	2
4659	3	7	2	1
4676	1	1	1	2
4678	1	1	2	1
4681	3	5	1	2
4686	3	29	1	2
4687	1	1	1	2
4689	1	1	1	2
4697	3	11	1	2
4699	3	17	1	2
4710	2	2	1	2
4717	3	5	1	2
4718	3	7	1	2
4720	3	8	1	2
4722	1	1	1	2
4724	2	2	2	1
4749	3	9	2	1
4759	3	6	1	2
4761	3	17	2	1
4763	3	11	1	2
4769	3	8	1	2
4775	3	15	2	1
4787	3	21	1	2
4792	3	5	1	2
4804	3	19	1	2
4805	1	1	1	2
4822	3	16	2	1
4824	3	8	2	1
4829	3	16	2	1
4835	3	20	1	2
4837	3	6	1	2
4838	3	5	1	2
4839	3	21	1	2
4840	3	8	1	2
4841	3	15	1	2
4845	3	7	2	1
4846	3	7	1	2
4850	2	2	1	2
4869	3	16	1	2
4871	1	1	1	2
4879	3	13	1	2
4881	2	2	1	2
4895	3	24	1	3
4903	3	7	2	1
4905	3	9	1	3
4909	3	10	2	1
4914	3	19	1	2
4916	3	9	1	2
4919	3	6	1	2
4928	3	11	2	1
4930	2	2	1	2
4941	3	15	1	2
4944	3	12	2	1
4974	3	17	1	2
4993	3	28	2	1
5006	2	2	1	2
5012	3	4	1	2
5022	3	16	1	2
5024	2	2	1	2
5029	3	17	1	2
5033	3	13	1	2
5039	3	10	2	3
5045	3	12	1	2
5058	2	2	2	1
5063	3	10	1	2
5070	3	12	1	2
5080	3	10	2	1
5092	3	10	2	1
5098	2	2	1	2
5101	3	37	1	2
5103	2	2	2	1
5116	3	10	1	2
5121	2	2	1	2
5124	3	14	1	2
5132	2	2	1	2
5138	3	3	1	3
5144	3	17	1	2
5169	3	12	1	2
5170	3	24	1	3
5172	3	5	1	2
5174	3	14	2	1
5179	3	12	1	2
5181	3	22	2	1
5187	3	15	1	2
5188	2	2	1	2
5196	1	1	1	2
5207	3	21	1	2
5208	3	13	1	2
5209	2	2	1	2
5223	3	23	1	2
5229	3	12	1	2
5239	3	15	2	1
5241	3	11	1	2
5247	1	1	1	2
5248	3	25	1	2
5253	3	15	1	2
5260	1	1	1	2
5263	3	15	1	2
5267	3	7	1	2
5272	1	1	2	1
5273	1	1	2	1
5279	3	20	1	2
5283	1	1	1	2
5286	2	2	1	2
5288	1	1	1	2
5291	3	8	1	2
5294	3	20	2	1
5308	3	14	1	2
5316	3	21	1	3
5322	3	24	1	3
5346	3	14	1	2
5348	3	9	1	2
5350	3	19	1	2
5352	1	1	1	2
5361	3	8	2	1
5372	3	23	1	2
5380	3	3	1	2
5386	2	2	1	2
5389	3	13	2	1
5391	3	14	1	2
5392	3	9	2	1
5394	1	1	2	1
5404	1	1	1	2
5409	3	26	2	1
5413	3	29	2	1
5415	2	2	1	2
5416	3	10	1	2
5418	2	2	1	2
5420	3	4	1	2
5423	3	20	1	3
5424	3	21	1	2
5426	3	8	1	2
5427	2	2	1	2
5433	3	6	1	2
5438	3	17	1	2
5440	3	11	1	2
5442	1	1	1	2
5447	3	28	1	2
5450	3	13	1	2
5465	3	7	2	1
5477	3	8	1	2
5486	1	1	1	2
5501	3	20	1	2
5503	3	8	1	2
5506	3	6	1	2
5512	3	14	2	1
5520	3	5	1	2
5531	3	17	1	2
5533	3	13	2	1
5541	3	15	1	3
5549	1	1	1	2
5555	3	18	1	2
5559	3	16	2	1
5561	2	2	1	2
5566	3	20	1	2
5576	3	28	1	2
5584	2	2	2	1
5587	1	1	1	2
5599	3	12	1	2
5607	3	13	1	2
5612	3	10	1	2
5613	3	9	2	1
5622	3	9	1	2
5629	3	5	2	1
5630	1	1	1	3
5639	3	20	1	2
5642	1	1	1	2
5663	3	8	1	3
5682	3	19	1	2
5688	3	23	1	2
5698	3	7	1	3
5716	3	5	1	2
5723	3	13	1	2
5740	3	38	1	2
5742	3	21	1	3
5746	1	1	2	1
5747	2	2	1	2
5752	3	29	1	2
5759	3	17	1	2
5773	3	5	1	2
5782	3	15	1	2
5783	3	26	1	2
5790	3	11	1	3
5793	1	1	1	2
5806	2	2	1	2
5810	2	2	1	2
5824	3	14	1	2
5825	1	1	1	2
5838	2	2	1	2
5842	3	9	1	2
5849	3	25	1	2
5853	3	8	1	2
5874	3	18	2	1
5878	1	1	1	2
5880	3	9	1	2
5881	3	8	2	1
5885	2	2	1	2
5898	3	11	1	2
5901	3	16	1	2
5907	3	19	1	2
5910	3	25	2	1
5924	3	17	1	2
5928	1	1	2	1
5929	2	2	2	1
5934	3	9	1	3
5941	3	17	1	2
5944	2	2	1	3
5949	3	6	2	1
5953	3	25	1	3
5954	3	17	1	2
5956	3	8	1	2
5962	3	8	1	2
5964	3	7	1	2
5965	3	22	2	1
5967	3	9	2	1
5974	3	12	1	2
5976	1	1	1	2
5979	3	16	1	2
5980	2	2	2	1
5993	3	5	1	2
5998	2	2	1	3
6008	2	2	1	2
6013	3	21	1	2
6016	2	2	1	2
6025	3	14	1	3
6030	3	12	1	2
6034	3	19	2	1
6046	3	5	1	2
6060	3	3	2	1
6061	3	18	2	1
6066	3	8	1	3
6069	1	1	1	2
6080	3	9	1	2
6086	3	13	1	2
6089	3	7	1	2
6092	3	10	1	2
6107	1	1	1	2
6113	2	2	1	2
6116	3	13	1	2
6118	2	2	1	2
6126	3	9	1	2
6129	2	2	1	2
6130	1	1	1	2
6131	1	1	1	2
6133	1	1	1	2
6136	3	2	1	3
6137	3	7	1	2
6138	3	28	1	2
6139	3	15	2	1
6152	3	24	1	2
6155	3	28	1	3
6162	3	13	2	1
6167	1	1	2	1
6170	3	17	1	2
6175	2	2	2	1
6177	3	5	2	1
6179	3	17	1	2
6180	3	29	2	1
6182	3	12	1	2
6188	3	15	1	2
6198	3	9	1	2
6201	3	11	1	3
6202	1	1	1	3
6211	3	23	1	2
6218	3	16	2	1
6230	3	13	1	2
6231	3	12	1	3
6238	3	13	1	2
6241	2	2	1	2
6245	3	11	1	3
6252	2	2	1	2
6260	3	16	1	2
6262	3	10	1	2
6272	3	12	1	3
6274	3	17	1	2
6279	3	9	1	2
6289	3	15	1	2
6312	3	26	1	2
6315	2	2	1	3
6326	3	6	1	2
6329	3	20	1	2
6338	3	7	2	1
6340	3	12	1	2
6344	3	22	1	2
6367	3	4	2	1
6374	3	25	1	2
6383	3	10	2	1
6397	3	7	1	2
6409	1	1	1	3
6415	1	1	1	3
6419	3	21	1	2
6421	3	9	1	2
6448	3	15	1	3
6459	3	21	1	2
6474	2	2	1	2
6489	3	21	1	2
6505	3	18	1	3
6516	3	12	1	2
6520	1	1	1	3
6546	3	15	2	1
6564	1	1	2	1
6566	3	11	1	2
6572	3	12	2	1
6575	3	5	2	1
6577	3	25	1	2
6587	1	1	1	2
6589	2	2	2	1
6604	2	2	1	3
6609	3	9	1	3
6613	3	11	1	2
6615	3	12	1	2
6631	3	4	1	3
6664	3	8	1	2
6678	3	25	1	3
6694	3	22	2	1
6696	3	8	1	2
6727	3	8	1	2
6735	1	1	1	2
6759	2	2	1	2
6760	3	7	1	2
6765	3	18	1	2
6773	3	11	1	2
6774	1	1	1	2
6778	3	10	1	2
6790	3	10	2	1
6795	3	23	1	2
6806	3	22	1	2
6814	3	20	2	1
6817	3	17	2	1
6818	3	21	1	2
6829	3	9	1	2
6833	3	15	1	2
6836	3	9	1	2
6853	3	3	1	2
6855	3	4	1	3
6857	3	11	1	2
6870	3	18	1	2
6889	3	10	1	2
6911	3	4	1	2
6914	3	17	2	1
6930	3	19	2	1
6936	3	8	1	2
6938	3	8	2	1
6962	3	20	1	2
6984	3	8	1	2
6994	3	7	2	1
6995	3	12	2	1
7003	3	15	1	2
7011	3	12	1	2
7012	1	1	1	2
7016	3	28	1	2
7037	3	20	2	1
7050	3	11	1	2
7078	3	8	1	2
7093	1	1	1	2
7097	3	9	1	2
7098	3	7	2	1
7112	3	8	1	2
7113	3	15	1	2
7119	3	23	2	1
7134	3	11	2	1
7136	3	5	1	2
7141	2	2	2	1
7145	2	2	1	2
7146	3	12	1	2
7161	3	9	1	2
7167	3	13	1	2
7177	3	10	1	2
7180	3	16	1	2
7188	1	1	2	1
7189	1	1	1	2
7190	1	1	1	2
7200	2	2	2	1
7203	3	4	1	3
7215	3	6	1	2
7229	3	14	1	2
7230	3	22	1	2
7239	3	17	1	3
7240	3	20	1	3
7247	3	13	1	2
7249	3	7	1	2
7257	3	16	1	3
7262	3	21	1	2
7279	3	6	1	2
7284	3	17	2	1
7303	3	14	1	2
7326	2	2	2	1
7329	1	1	1	2
7331	3	5	1	2
7333	2	2	1	2
7344	1	1	1	2
7345	2	2	1	2
7353	2	2	1	2
7362	3	14	1	2
7371	1	1	2	1
7400	3	21	1	2
7415	2	2	1	3
7424	3	10	2	1
7425	3	12	1	3
7428	3	12	1	3
7433	3	18	1	2
7434	3	9	1	2
7439	1	1	2	1
7443	3	16	1	2
7453	3	11	1	2
7463	3	21	1	3
7465	3	15	1	2
7473	3	10	2	1
7482	2	2	1	2
7515	3	18	1	2
7521	3	6	1	2
7529	3	33	1	2
7537	3	11	1	2
7546	3	24	1	2
7549	3	10	2	1
7553	2	2	1	3
7559	3	22	1	2
7586	3	21	1	2
7593	3	17	1	2
7602	3	4	2	1
7604	3	18	1	3
7609	3	28	2	1
7613	2	2	1	2
7614	3	5	1	2
7619	3	7	1	2
7627	3	25	2	1
7632	3	9	1	2
7633	3	8	1	2
7637	1	1	1	2
7639	2	2	1	2
7640	3	21	1	2
7663	3	8	1	2
7668	2	2	1	2
7680	3	6	1	2
7683	2	2	1	2
7691	3	27	1	2
7694	3	37	1	2
7705	3	9	1	3
7707	3	15	1	2
7708	3	12	1	2
7711	3	14	1	2
7720	3	26	1	2
7725	3	11	1	2
7736	3	5	1	3
7744	3	5	1	2
7749	3	7	1	2
7755	3	22	1	2
7760	3	17	1	2
7765	3	7	1	3
7773	3	10	1	2
7774	3	9	1	2
7786	2	2	1	2
7787	1	1	2	1
7800	3	6	2	1
7807	1	1	2	1
7810	1	1	2	1
7820	1	1	1	2
7838	3	15	1	2
7846	3	13	1	2
7852	3	16	2	1
7865	2	2	2	1
7868	3	12	1	2
7871	3	21	1	3
7875	3	20	1	2
7878	2	2	1	2
7885	3	8	1	2
7911	3	7	1	2
7915	3	21	1	2
7916	3	19	1	2
7922	3	21	1	2
7933	3	21	2	1
7936	3	20	2	1
7937	3	13	1	2
7941	3	9	1	2
7947	3	22	1	2
7955	3	6	1	2
7956	2	2	1	2
7959	3	8	1	2
7961	3	34	2	1
7968	3	22	1	2
7987	3	16	1	2
7997	3	11	1	2
7999	3	7	1	2
8001	3	10	1	2
8007	3	13	1	2
8019	3	5	1	2
8032	3	8	1	2
8043	3	22	1	2
8046	3	22	1	3
8052	3	15	1	2
8054	3	14	2	1
8058	3	10	1	2
8080	3	8	2	1
8083	1	1	2	1
8084	3	8	1	2
8086	3	4	2	1
8088	3	16	1	2
8096	3	12	1	2
8104	3	26	1	2
8111	3	16	1	2
8112	3	11	2	1
8121	3	19	1	2
8123	1	1	1	2
8137	3	19	1	2
8139	3	24	1	2
8146	1	1	1	2
8154	2	2	2	1
8166	3	4	2	1
8175	3	32	1	2
8183	3	15	1	2
8186	2	2	1	2
8202	3	7	1	3
8209	3	12	1	2
8216	3	21	1	2
8223	3	21	1	2
8229	2	2	1	2
8231	3	18	1	3
8234	3	4	1	2
8242	3	13	1	3
8244	3	15	1	2
8246	3	14	1	2
8263	3	19	1	2
8273	3	10	1	2
8293	3	20	1	2
8296	3	23	1	2
8297	2	2	1	2
8307	3	15	2	1
8309	3	8	2	1
8323	3	15	1	3
8340	3	14	1	3
8350	2	2	1	2
8359	3	9	1	2
8361	3	30	1	2
8363	3	5	2	1
8367	3	4	1	2
8372	3	10	1	2
8373	3	12	1	2
8377	3	14	2	1
8394	3	14	1	3
8398	3	11	1	2
8399	3	11	1	3
8411	2	2	1	2
8415	3	10	2	1
8430	3	8	1	3
8444	3	3	1	3
8448	2	2	1	2
8455	3	13	1	2
8460	3	15	2	1
8461	2	2	1	2
8462	2	2	1	2
8463	3	18	1	2
8464	3	27	2	1
8471	3	18	2	1
8485	3	7	1	3
8498	1	1	2	1
8509	3	8	2	1
8510	3	14	1	2
8522	3	18	1	2
8529	3	5	1	2
8549	3	20	1	2
8552	3	13	2	1
8554	3	9	1	2
8556	3	7	1	2
8558	3	17	1	2
8560	3	22	2	1
8567	3	8	1	2
8573	3	12	1	2
8574	3	12	1	2
8577	3	11	1	2
8581	3	11	2	1
8596	3	19	2	1
8599	1	1	1	2
8604	2	2	2	1
8614	2	2	1	2
8616	3	13	1	2
8622	3	8	1	2
8623	2	2	1	2
8626	3	20	2	1
8627	3	4	2	1
8639	3	15	1	2
8645	3	22	2	1
8665	3	3	2	1
8668	3	12	1	2
8676	3	12	1	2
8699	3	7	1	2
8700	3	20	2	1
8702	3	26	1	2
8706	3	4	1	2
8738	3	11	1	2
8741	2	2	1	2
8772	3	19	1	2
8774	3	11	2	1
8777	3	19	1	2
8810	3	10	1	3
8820	3	9	1	2
8821	3	18	1	3
8836	3	12	1	3
8838	3	8	1	2
8842	3	6	1	3
8846	3	5	1	2
8861	2	2	1	2
8868	3	15	1	3
8880	3	20	2	1
8881	2	2	1	2
8889	1	1	2	1
8897	3	4	1	2
8927	2	2	2	1
8935	3	14	1	2
8938	3	18	1	2
8948	2	2	2	1
8959	3	8	2	1
8968	3	8	1	2
8970	3	19	2	1
9034	3	5	1	2
9043	3	13	1	2
9044	3	13	1	3
9065	3	13	1	2
9066	3	9	1	2
9074	3	8	1	3
9109	3	9	1	2
9110	3	14	1	2
9112	3	7	1	3
9129	3	18	1	2
9134	3	13	1	2
9150	3	8	1	3
9161	3	10	1	3
9166	3	12	1	2
9173	3	16	1	2
9185	3	6	1	2
9190	1	1	1	3
9223	3	11	1	2
9224	3	15	1	3
9234	2	2	1	2
9236	3	22	1	3
9237	3	20	1	2
9268	3	22	1	2
9269	3	5	1	3
9273	3	9	1	3
9278	3	32	1	2
9280	2	2	1	3
9302	3	8	1	3
9310	3	9	1	2
9315	1	1	1	2
9320	3	7	1	3
9328	3	9	1	2
9335	3	9	1	3
9340	3	18	1	2
9341	3	8	1	2
9345	3	18	1	2
9348	1	1	1	3
9351	3	10	1	3
9357	3	4	1	2
9384	3	10	1	3
9388	3	12	1	2
9397	3	7	1	2
9418	3	9	1	2
9420	3	6	1	2
9446	1	1	1	3
9447	3	17	1	2
9454	3	17	1	2
9460	2	2	1	2
9485	1	1	1	2
9487	3	9	1	2
9491	3	9	1	3
9500	3	28	1	3
9512	3	11	1	3
9516	3	8	1	3
9523	3	15	1	3
9534	1	1	1	3
9546	3	13	1	2
9555	3	6	1	2
9558	1	1	1	3
9560	2	2	1	2
9561	3	33	1	3
9577	3	6	1	2
9580	3	8	1	3
9584	3	10	1	2
9606	2	2	1	2
9608	2	2	1	2
9618	3	16	1	3
9621	3	8	1	3
9622	3	10	1	2
9627	3	5	1	3
9638	1	1	1	2
9639	3	6	1	3
9655	3	21	1	3
9670	1	1	1	2
9677	3	13	1	2
9684	3	12	1	2
9686	3	13	1	3
9711	3	11	1	2
9715	2	2	1	3
9720	3	9	1	2
9721	1	1	1	2
9724	3	12	1	2
9727	3	12	1	2
9742	3	18	1	2
9750	3	5	1	2
9751	2	2	1	2
9753	2	2	1	2
9758	1	1	1	2
9766	3	30	1	2
9770	3	3	1	2
9780	3	19	1	3
9783	3	18	2	1
9790	1	1	1	2
9820	3	16	1	2
9821	3	5	1	2
9822	3	8	1	2
9827	3	9	1	2
9832	1	1	1	2
9839	3	9	1	2
9840	1	1	1	2
9850	3	5	1	2
9859	3	12	2	1
9864	3	30	1	2
9869	3	10	1	2
9871	3	6	1	3
9880	3	9	1	2
9882	3	19	2	1
9884	3	23	1	2
9887	3	14	2	1
9890	3	10	2	1
9892	3	9	1	2
9896	2	2	1	2
9914	3	19	1	3
9931	2	2	1	3
9944	3	17	1	2
9957	3	19	2	1
9961	2	2	1	2
9966	1	1	1	2
9982	3	12	1	2
9987	2	2	1	3
9988	3	22	1	2
10001	3	24	1	2
10004	3	16	1	3
10006	3	13	1	3
10007	3	13	1	2
10009	3	15	1	3
10020	3	11	1	3
10024	3	7	1	3
10027	3	21	1	3
10031	3	21	1	2
10041	3	6	1	2
10042	3	29	1	2
10057	3	18	1	2
10071	3	16	1	3
10075	3	13	1	3
10093	3	19	1	3
10098	3	34	1	2
10101	3	22	1	3
10106	3	21	1	2
10117	2	2	1	3
10124	3	9	1	2
10160	3	8	2	1
10169	2	2	1	2
10177	3	23	1	3
10181	3	11	1	2
10200	3	10	1	2
10220	3	16	1	2
10222	3	28	2	1
10232	3	7	1	2
10239	1	1	1	2
10243	3	21	1	2
10248	3	22	1	2
10258	3	11	1	2
10274	2	2	2	1
10276	1	1	2	1
10292	3	6	2	1
10303	3	20	1	2
10309	3	17	2	1
10310	3	19	1	2
10311	1	1	2	1
10313	3	5	1	2
10323	2	2	1	2
10324	1	1	1	2
10330	3	21	1	2
10332	3	9	1	2
10346	2	2	1	2
10348	3	7	2	1
10349	3	11	2	1
10369	3	9	1	2
10378	3	23	1	3
10388	3	32	1	3
10392	3	26	1	3
10398	3	5	1	2
10414	3	20	2	1
10440	2	2	1	2
10451	3	7	1	3
10452	3	28	1	3
10458	3	13	1	2
10462	2	2	1	2
10466	3	13	1	2
10471	3	8	2	1
10483	3	18	1	2
10489	3	8	1	2
10495	3	16	1	2
10506	3	5	1	2
10508	3	9	1	2
10509	3	8	1	2
10510	2	2	1	2
10518	3	20	2	1
10520	3	10	1	2
10534	3	9	1	2
10542	3	7	1	2
10554	2	2	1	3
10563	3	7	2	1
10564	3	18	1	2
10571	3	19	2	1
10592	3	28	1	2
10632	3	4	2	1
10639	3	6	1	2
10641	3	27	1	2
10650	3	9	2	1
10652	3	12	2	1
10655	2	2	1	2
10658	1	1	1	2
10660	3	12	1	2
10667	3	11	1	2
10672	3	20	1	2
10676	3	6	1	3
10677	3	12	1	3
10691	3	16	1	2
10696	3	15	1	3
10697	3	16	1	2
10709	3	24	1	2
10717	1	1	1	2
10723	3	30	1	2
10726	3	28	1	2
10733	3	13	1	2
10740	3	15	1	2
10744	3	3	1	3
10774	3	19	1	2
10777	2	2	1	2
10778	3	9	1	2
10785	1	1	1	2
10791	3	6	1	3
10832	3	13	1	3
10844	3	20	1	2
10853	3	18	1	3
10856	3	14	1	2
10868	2	2	1	3
10892	3	7	1	3
10895	3	6	1	3
10896	3	14	1	3
10926	3	18	1	3
10953	3	11	1	3
10985	2	2	1	2
10987	3	12	1	2
